INIT MASTER(S)
NASTRAN SYSTEM(442)=-1, SYSTEM(319)=1
ID Femap,Femap
SOL SEMODES
TIME 10000
CEND
  TITLE = Plate Modes
  ECHO = NONE
  DISPLACEMENT = ALL
  SPCFORCE = ALL
  ESE = ALL
  METHOD = 1
BEGIN BULK
$ ***************************************************************************
$   Written by : Femap with NX Nastran
$   Version    : 10.3.0
$   Translator : NX Nastran
$   From Model : 
$   Date       : Thu Jan 26 13:50:46 2012
$ ***************************************************************************
$
PARAM,POST,-1
PARAM,GPWG,-1
PARAM,LAMA,-1
PARAM,OGEOM,NO
PARAM,AUTOSPC,YES
PARAM,GRDPNT,0
EIGRL          1                      10       0                    MASS
CORD2C         1       0      0.      0.      0.      0.      0.      1.+FEMAPC1
+FEMAPC1      1.      0.      1.
CORD2S         2       0      0.      0.      0.      0.      0.      1.+FEMAPC2
+FEMAPC2      1.      0.      1.
$ Femap with NX Nastran Property 1 : 1/8" Plate
PSHELL         1       1    .125       1               1              0.
$ Femap with NX Nastran Material 1 : AISI 4340 Steel
MAT1           1   2.9+7             .327.3315-4   6.6-6     70.        +       
+        215000. 240000. 156000.
MAT4           14.8611-4   38.647.3315-4                        
GRID           1       0      0.      0.      0.       0
GRID           2       0      0.      .1      0.       0
GRID           3       0      0.      .2      0.       0
GRID           4       0      0.      .3      0.       0
GRID           5       0      0.      .4      0.       0
GRID           6       0      0.      .5      0.       0
GRID           7       0      0.      .6      0.       0
GRID           8       0      0.      .7      0.       0
GRID           9       0      0.      .8      0.       0
GRID          10       0      0.      .9      0.       0
GRID          11       0      0.      1.      0.       0
GRID          12       0      .1      1.      0.       0
GRID          13       0      .2      1.      0.       0
GRID          14       0      .3      1.      0.       0
GRID          15       0      .4      1.      0.       0
GRID          16       0      .5      1.      0.       0
GRID          17       0      .6      1.      0.       0
GRID          18       0      .7      1.      0.       0
GRID          19       0      .8      1.      0.       0
GRID          20       0      .9      1.      0.       0
GRID          21       0      1.      1.      0.       0
GRID          22       0     1.1      1.      0.       0
GRID          23       0     1.2      1.      0.       0
GRID          24       0     1.3      1.      0.       0
GRID          25       0     1.4      1.      0.       0
GRID          26       0     1.5      1.      0.       0
GRID          27       0     1.6      1.      0.       0
GRID          28       0     1.7      1.      0.       0
GRID          29       0     1.8      1.      0.       0
GRID          30       0     1.9      1.      0.       0
GRID          31       0      2.      1.      0.       0
GRID          32       0      2.      .9      0.       0
GRID          33       0      2.      .8      0.       0
GRID          34       0      2.      .7      0.       0
GRID          35       0      2.      .6      0.       0
GRID          36       0      2.      .5      0.       0
GRID          37       0      2.      .4      0.       0
GRID          38       0      2.      .3      0.       0
GRID          39       0      2.      .2      0.       0
GRID          40       0      2.      .1      0.       0
GRID          41       0      2.      0.      0.       0
GRID          42       0     1.9      0.      0.       0
GRID          43       0     1.8      0.      0.       0
GRID          44       0     1.7      0.      0.       0
GRID          45       0     1.6      0.      0.       0
GRID          46       0     1.5      0.      0.       0
GRID          47       0     1.4      0.      0.       0
GRID          48       0     1.3      0.      0.       0
GRID          49       0     1.2      0.      0.       0
GRID          50       0     1.1      0.      0.       0
GRID          51       0      1.      0.      0.       0
GRID          52       0      .9      0.      0.       0
GRID          53       0      .8      0.      0.       0
GRID          54       0      .7      0.      0.       0
GRID          55       0      .6      0.      0.       0
GRID          56       0      .5      0.      0.       0
GRID          57       0      .4      0.      0.       0
GRID          58       0      .3      0.      0.       0
GRID          59       0      .2      0.      0.       0
GRID          60       0      .1      0.      0.       0
GRID          61       0      .1      .1      0.       0
GRID          62       0      .1      .2      0.       0
GRID          63       0      .1      .3      0.       0
GRID          64       0      .1      .4      0.       0
GRID          65       0      .1      .5      0.       0
GRID          66       0      .1      .6      0.       0
GRID          67       0      .1      .7      0.       0
GRID          68       0      .1      .8      0.       0
GRID          69       0      .1      .9      0.       0
GRID          70       0      .2      .1      0.       0
GRID          71       0      .2      .2      0.       0
GRID          72       0      .2      .3      0.       0
GRID          73       0      .2      .4      0.       0
GRID          74       0      .2      .5      0.       0
GRID          75       0      .2      .6      0.       0
GRID          76       0      .2      .7      0.       0
GRID          77       0      .2      .8      0.       0
GRID          78       0      .2      .9      0.       0
GRID          79       0      .3      .1      0.       0
GRID          80       0      .3      .2      0.       0
GRID          81       0      .3      .3      0.       0
GRID          82       0      .3      .4      0.       0
GRID          83       0      .3      .5      0.       0
GRID          84       0      .3      .6      0.       0
GRID          85       0      .3      .7      0.       0
GRID          86       0      .3      .8      0.       0
GRID          87       0      .3      .9      0.       0
GRID          88       0      .4      .1      0.       0
GRID          89       0      .4      .2      0.       0
GRID          90       0      .4      .3      0.       0
GRID          91       0      .4      .4      0.       0
GRID          92       0      .4      .5      0.       0
GRID          93       0      .4      .6      0.       0
GRID          94       0      .4      .7      0.       0
GRID          95       0      .4      .8      0.       0
GRID          96       0      .4      .9      0.       0
GRID          97       0      .5      .1      0.       0
GRID          98       0      .5      .2      0.       0
GRID          99       0      .5      .3      0.       0
GRID         100       0      .5      .4      0.       0
GRID         101       0      .5      .5      0.       0
GRID         102       0      .5      .6      0.       0
GRID         103       0      .5      .7      0.       0
GRID         104       0      .5      .8      0.       0
GRID         105       0      .5      .9      0.       0
GRID         106       0      .6      .1      0.       0
GRID         107       0      .6      .2      0.       0
GRID         108       0      .6      .3      0.       0
GRID         109       0      .6      .4      0.       0
GRID         110       0      .6      .5      0.       0
GRID         111       0      .6      .6      0.       0
GRID         112       0      .6      .7      0.       0
GRID         113       0      .6      .8      0.       0
GRID         114       0      .6      .9      0.       0
GRID         115       0      .7      .1      0.       0
GRID         116       0      .7      .2      0.       0
GRID         117       0      .7      .3      0.       0
GRID         118       0      .7      .4      0.       0
GRID         119       0      .7      .5      0.       0
GRID         120       0      .7      .6      0.       0
GRID         121       0      .7      .7      0.       0
GRID         122       0      .7      .8      0.       0
GRID         123       0      .7      .9      0.       0
GRID         124       0      .8      .1      0.       0
GRID         125       0      .8      .2      0.       0
GRID         126       0      .8      .3      0.       0
GRID         127       0      .8      .4      0.       0
GRID         128       0      .8      .5      0.       0
GRID         129       0      .8      .6      0.       0
GRID         130       0      .8      .7      0.       0
GRID         131       0      .8      .8      0.       0
GRID         132       0      .8      .9      0.       0
GRID         133       0      .9      .1      0.       0
GRID         134       0      .9      .2      0.       0
GRID         135       0      .9      .3      0.       0
GRID         136       0      .9      .4      0.       0
GRID         137       0      .9      .5      0.       0
GRID         138       0      .9      .6      0.       0
GRID         139       0      .9      .7      0.       0
GRID         140       0      .9      .8      0.       0
GRID         141       0      .9      .9      0.       0
GRID         142       0      1.      .1      0.       0
GRID         143       0      1.      .2      0.       0
GRID         144       0      1.      .3      0.       0
GRID         145       0      1.      .4      0.       0
GRID         146       0      1.      .5      0.       0
GRID         147       0      1.      .6      0.       0
GRID         148       0      1.      .7      0.       0
GRID         149       0      1.      .8      0.       0
GRID         150       0      1.      .9      0.       0
GRID         151       0     1.1      .1      0.       0
GRID         152       0     1.1      .2      0.       0
GRID         153       0     1.1      .3      0.       0
GRID         154       0     1.1      .4      0.       0
GRID         155       0     1.1      .5      0.       0
GRID         156       0     1.1      .6      0.       0
GRID         157       0     1.1      .7      0.       0
GRID         158       0     1.1      .8      0.       0
GRID         159       0     1.1      .9      0.       0
GRID         160       0     1.2      .1      0.       0
GRID         161       0     1.2      .2      0.       0
GRID         162       0     1.2      .3      0.       0
GRID         163       0     1.2      .4      0.       0
GRID         164       0     1.2      .5      0.       0
GRID         165       0     1.2      .6      0.       0
GRID         166       0     1.2      .7      0.       0
GRID         167       0     1.2      .8      0.       0
GRID         168       0     1.2      .9      0.       0
GRID         169       0     1.3      .1      0.       0
GRID         170       0     1.3      .2      0.       0
GRID         171       0     1.3      .3      0.       0
GRID         172       0     1.3      .4      0.       0
GRID         173       0     1.3      .5      0.       0
GRID         174       0     1.3      .6      0.       0
GRID         175       0     1.3      .7      0.       0
GRID         176       0     1.3      .8      0.       0
GRID         177       0     1.3      .9      0.       0
GRID         178       0     1.4      .1      0.       0
GRID         179       0     1.4      .2      0.       0
GRID         180       0     1.4      .3      0.       0
GRID         181       0     1.4      .4      0.       0
GRID         182       0     1.4      .5      0.       0
GRID         183       0     1.4      .6      0.       0
GRID         184       0     1.4      .7      0.       0
GRID         185       0     1.4      .8      0.       0
GRID         186       0     1.4      .9      0.       0
GRID         187       0     1.5      .1      0.       0
GRID         188       0     1.5      .2      0.       0
GRID         189       0     1.5      .3      0.       0
GRID         190       0     1.5      .4      0.       0
GRID         191       0     1.5      .5      0.       0
GRID         192       0     1.5      .6      0.       0
GRID         193       0     1.5      .7      0.       0
GRID         194       0     1.5      .8      0.       0
GRID         195       0     1.5      .9      0.       0
GRID         196       0     1.6      .1      0.       0
GRID         197       0     1.6      .2      0.       0
GRID         198       0     1.6      .3      0.       0
GRID         199       0     1.6      .4      0.       0
GRID         200       0     1.6      .5      0.       0
GRID         201       0     1.6      .6      0.       0
GRID         202       0     1.6      .7      0.       0
GRID         203       0     1.6      .8      0.       0
GRID         204       0     1.6      .9      0.       0
GRID         205       0     1.7      .1      0.       0
GRID         206       0     1.7      .2      0.       0
GRID         207       0     1.7      .3      0.       0
GRID         208       0     1.7      .4      0.       0
GRID         209       0     1.7      .5      0.       0
GRID         210       0     1.7      .6      0.       0
GRID         211       0     1.7      .7      0.       0
GRID         212       0     1.7      .8      0.       0
GRID         213       0     1.7      .9      0.       0
GRID         214       0     1.8      .1      0.       0
GRID         215       0     1.8      .2      0.       0
GRID         216       0     1.8      .3      0.       0
GRID         217       0     1.8      .4      0.       0
GRID         218       0     1.8      .5      0.       0
GRID         219       0     1.8      .6      0.       0
GRID         220       0     1.8      .7      0.       0
GRID         221       0     1.8      .8      0.       0
GRID         222       0     1.8      .9      0.       0
GRID         223       0     1.9      .1      0.       0
GRID         224       0     1.9      .2      0.       0
GRID         225       0     1.9      .3      0.       0
GRID         226       0     1.9      .4      0.       0
GRID         227       0     1.9      .5      0.       0
GRID         228       0     1.9      .6      0.       0
GRID         229       0     1.9      .7      0.       0
GRID         230       0     1.9      .8      0.       0
GRID         231       0     1.9      .9      0.       0
CQUAD4         1       1       1       2      61      60                
CQUAD4         2       1       2       3      62      61                
CQUAD4         3       1       3       4      63      62                
CQUAD4         4       1       4       5      64      63                
CQUAD4         5       1       5       6      65      64                
CQUAD4         6       1       6       7      66      65                
CQUAD4         7       1       7       8      67      66                
CQUAD4         8       1       8       9      68      67                
CQUAD4         9       1       9      10      69      68                
CQUAD4        10       1      10      11      12      69                
CQUAD4        11       1      60      61      70      59                
CQUAD4        12       1      61      62      71      70                
CQUAD4        13       1      62      63      72      71                
CQUAD4        14       1      63      64      73      72                
CQUAD4        15       1      64      65      74      73                
CQUAD4        16       1      65      66      75      74                
CQUAD4        17       1      66      67      76      75                
CQUAD4        18       1      67      68      77      76                
CQUAD4        19       1      68      69      78      77                
CQUAD4        20       1      69      12      13      78                
CQUAD4        21       1      59      70      79      58                
CQUAD4        22       1      70      71      80      79                
CQUAD4        23       1      71      72      81      80                
CQUAD4        24       1      72      73      82      81                
CQUAD4        25       1      73      74      83      82                
CQUAD4        26       1      74      75      84      83                
CQUAD4        27       1      75      76      85      84                
CQUAD4        28       1      76      77      86      85                
CQUAD4        29       1      77      78      87      86                
CQUAD4        30       1      78      13      14      87                
CQUAD4        31       1      58      79      88      57                
CQUAD4        32       1      79      80      89      88                
CQUAD4        33       1      80      81      90      89                
CQUAD4        34       1      81      82      91      90                
CQUAD4        35       1      82      83      92      91                
CQUAD4        36       1      83      84      93      92                
CQUAD4        37       1      84      85      94      93                
CQUAD4        38       1      85      86      95      94                
CQUAD4        39       1      86      87      96      95                
CQUAD4        40       1      87      14      15      96                
CQUAD4        41       1      57      88      97      56                
CQUAD4        42       1      88      89      98      97                
CQUAD4        43       1      89      90      99      98                
CQUAD4        44       1      90      91     100      99                
CQUAD4        45       1      91      92     101     100                
CQUAD4        46       1      92      93     102     101                
CQUAD4        47       1      93      94     103     102                
CQUAD4        48       1      94      95     104     103                
CQUAD4        49       1      95      96     105     104                
CQUAD4        50       1      96      15      16     105                
CQUAD4        51       1      56      97     106      55                
CQUAD4        52       1      97      98     107     106                
CQUAD4        53       1      98      99     108     107                
CQUAD4        54       1      99     100     109     108                
CQUAD4        55       1     100     101     110     109                
CQUAD4        56       1     101     102     111     110                
CQUAD4        57       1     102     103     112     111                
CQUAD4        58       1     103     104     113     112                
CQUAD4        59       1     104     105     114     113                
CQUAD4        60       1     105      16      17     114                
CQUAD4        61       1      55     106     115      54                
CQUAD4        62       1     106     107     116     115                
CQUAD4        63       1     107     108     117     116                
CQUAD4        64       1     108     109     118     117                
CQUAD4        65       1     109     110     119     118                
CQUAD4        66       1     110     111     120     119                
CQUAD4        67       1     111     112     121     120                
CQUAD4        68       1     112     113     122     121                
CQUAD4        69       1     113     114     123     122                
CQUAD4        70       1     114      17      18     123                
CQUAD4        71       1      54     115     124      53                
CQUAD4        72       1     115     116     125     124                
CQUAD4        73       1     116     117     126     125                
CQUAD4        74       1     117     118     127     126                
CQUAD4        75       1     118     119     128     127                
CQUAD4        76       1     119     120     129     128                
CQUAD4        77       1     120     121     130     129                
CQUAD4        78       1     121     122     131     130                
CQUAD4        79       1     122     123     132     131                
CQUAD4        80       1     123      18      19     132                
CQUAD4        81       1      53     124     133      52                
CQUAD4        82       1     124     125     134     133                
CQUAD4        83       1     125     126     135     134                
CQUAD4        84       1     126     127     136     135                
CQUAD4        85       1     127     128     137     136                
CQUAD4        86       1     128     129     138     137                
CQUAD4        87       1     129     130     139     138                
CQUAD4        88       1     130     131     140     139                
CQUAD4        89       1     131     132     141     140                
CQUAD4        90       1     132      19      20     141                
CQUAD4        91       1      52     133     142      51                
CQUAD4        92       1     133     134     143     142                
CQUAD4        93       1     134     135     144     143                
CQUAD4        94       1     135     136     145     144                
CQUAD4        95       1     136     137     146     145                
CQUAD4        96       1     137     138     147     146                
CQUAD4        97       1     138     139     148     147                
CQUAD4        98       1     139     140     149     148                
CQUAD4        99       1     140     141     150     149                
CQUAD4       100       1     141      20      21     150                
CQUAD4       101       1      51     142     151      50                
CQUAD4       102       1     142     143     152     151                
CQUAD4       103       1     143     144     153     152                
CQUAD4       104       1     144     145     154     153                
CQUAD4       105       1     145     146     155     154                
CQUAD4       106       1     146     147     156     155                
CQUAD4       107       1     147     148     157     156                
CQUAD4       108       1     148     149     158     157                
CQUAD4       109       1     149     150     159     158                
CQUAD4       110       1     150      21      22     159                
CQUAD4       111       1      50     151     160      49                
CQUAD4       112       1     151     152     161     160                
CQUAD4       113       1     152     153     162     161                
CQUAD4       114       1     153     154     163     162                
CQUAD4       115       1     154     155     164     163                
CQUAD4       116       1     155     156     165     164                
CQUAD4       117       1     156     157     166     165                
CQUAD4       118       1     157     158     167     166                
CQUAD4       119       1     158     159     168     167                
CQUAD4       120       1     159      22      23     168                
CQUAD4       121       1      49     160     169      48                
CQUAD4       122       1     160     161     170     169                
CQUAD4       123       1     161     162     171     170                
CQUAD4       124       1     162     163     172     171                
CQUAD4       125       1     163     164     173     172                
CQUAD4       126       1     164     165     174     173                
CQUAD4       127       1     165     166     175     174                
CQUAD4       128       1     166     167     176     175                
CQUAD4       129       1     167     168     177     176                
CQUAD4       130       1     168      23      24     177                
CQUAD4       131       1      48     169     178      47                
CQUAD4       132       1     169     170     179     178                
CQUAD4       133       1     170     171     180     179                
CQUAD4       134       1     171     172     181     180                
CQUAD4       135       1     172     173     182     181                
CQUAD4       136       1     173     174     183     182                
CQUAD4       137       1     174     175     184     183                
CQUAD4       138       1     175     176     185     184                
CQUAD4       139       1     176     177     186     185                
CQUAD4       140       1     177      24      25     186                
CQUAD4       141       1      47     178     187      46                
CQUAD4       142       1     178     179     188     187                
CQUAD4       143       1     179     180     189     188                
CQUAD4       144       1     180     181     190     189                
CQUAD4       145       1     181     182     191     190                
CQUAD4       146       1     182     183     192     191                
CQUAD4       147       1     183     184     193     192                
CQUAD4       148       1     184     185     194     193                
CQUAD4       149       1     185     186     195     194                
CQUAD4       150       1     186      25      26     195                
CQUAD4       151       1      46     187     196      45                
CQUAD4       152       1     187     188     197     196                
CQUAD4       153       1     188     189     198     197                
CQUAD4       154       1     189     190     199     198                
CQUAD4       155       1     190     191     200     199                
CQUAD4       156       1     191     192     201     200                
CQUAD4       157       1     192     193     202     201                
CQUAD4       158       1     193     194     203     202                
CQUAD4       159       1     194     195     204     203                
CQUAD4       160       1     195      26      27     204                
CQUAD4       161       1      45     196     205      44                
CQUAD4       162       1     196     197     206     205                
CQUAD4       163       1     197     198     207     206                
CQUAD4       164       1     198     199     208     207                
CQUAD4       165       1     199     200     209     208                
CQUAD4       166       1     200     201     210     209                
CQUAD4       167       1     201     202     211     210                
CQUAD4       168       1     202     203     212     211                
CQUAD4       169       1     203     204     213     212                
CQUAD4       170       1     204      27      28     213                
CQUAD4       171       1      44     205     214      43                
CQUAD4       172       1     205     206     215     214                
CQUAD4       173       1     206     207     216     215                
CQUAD4       174       1     207     208     217     216                
CQUAD4       175       1     208     209     218     217                
CQUAD4       176       1     209     210     219     218                
CQUAD4       177       1     210     211     220     219                
CQUAD4       178       1     211     212     221     220                
CQUAD4       179       1     212     213     222     221                
CQUAD4       180       1     213      28      29     222                
CQUAD4       181       1      43     214     223      42                
CQUAD4       182       1     214     215     224     223                
CQUAD4       183       1     215     216     225     224                
CQUAD4       184       1     216     217     226     225                
CQUAD4       185       1     217     218     227     226                
CQUAD4       186       1     218     219     228     227                
CQUAD4       187       1     219     220     229     228                
CQUAD4       188       1     220     221     230     229                
CQUAD4       189       1     221     222     231     230                
CQUAD4       190       1     222      29      30     231                
CQUAD4       191       1      42     223      40      41                
CQUAD4       192       1     223     224      39      40                
CQUAD4       193       1     224     225      38      39                
CQUAD4       194       1     225     226      37      38                
CQUAD4       195       1     226     227      36      37                
CQUAD4       196       1     227     228      35      36                
CQUAD4       197       1     228     229      34      35                
CQUAD4       198       1     229     230      33      34                
CQUAD4       199       1     230     231      32      33                
CQUAD4       200       1     231      30      31      32                
ENDDATA 9bdf8a2c
