# nodeID location
1  .513061 1.49287 .811943
2  .523257 .859242 .831558
3  .511411 .490321 .480616
4  .499951 1.45859 1.49985
5  .486939 1.49287 2.18777
6  .473466 .462498 2.52883
7  .476743 .859339 2.16805
8  .499951 .73106  1.49985
9  1.      1.52546 .473247
10 1.      .442442 .452206
11 1.      .976036 .507736
12 1.      .527678 2.50749
13 1.      .731012 1.81262
14 1.      .577233 1.02027
15 1.      1.24412 2.48353
16 1.      1.4585  1.83091
17 1.      1.32147 1.12276
18 1.      .666667  0.
19 1.      1.33347  0.
20 .499997 1.61112  0.
21 .499997 .388851  0.
22 .499993 1.       0.
23 1.       0.      0.
24  0.      0.      0.
25 .5       0.      0.
26  0.     2.       0.
27  0.     1.33333  0.
28  0.     .666533  0.
29 1.      2.       0.
30 .5      2.       0.
31 1.       0.     3.
32 1.       0.     .7497
33 1.       0.     1.49985
34 1.       0.     2.25
35 1.      2.      3.
36 1.      2.      .7497
37 1.      2.      1.49985
38 1.      2.      2.25
39  0.     2.      3.
40  0.     2.      .7497
41  0.     2.      1.49985
42  0.     2.      2.25
43  0.      0.     3.
44  0.      0.     .7497
45  0.      0.     1.49985
46  0.      0.     2.25
47 1.      1.33333 3.
48 1.      .666533 3.
49 .500041 2.      .439023
50 .500067 2.      1.86596
51 .500036 2.      1.13427
52 .500022 2.      2.56117
