# location
.513061 1.49287 .811943
.523257 .859242 .831558
.511411 .490321 .480616
.499951 1.45859 1.49985
.486939 1.49287 2.18777
.473466 .462498 2.52883
.476743 .859339 2.16805
.499951 .73106  1.49985
1.      1.52546 .473247
1.      .442442 .452206
1.      .976036 .507736
1.      .527678 2.50749
1.      .731012 1.81262
1.      .577233 1.02027
1.      1.24412 2.48353
1.      1.4585  1.83091
1.      1.32147 1.12276
1.      .666667  0.
1.      1.33347  0.
.499997 1.61112  0.
.499997 .388851  0.
.499993 1.       0.
1.       0.      0.
 0.      0.      0.
.5       0.      0.
 0.     2.       0.
 0.     1.33333  0.
 0.     .666533  0.
1.      2.       0.
.5      2.       0.
1.       0.     3.
1.       0.     .7497
1.       0.     1.49985
1.       0.     2.25
1.      2.      3.
1.      2.      .7497
1.      2.      1.49985
1.      2.      2.25
 0.     2.      3.
 0.     2.      .7497
 0.     2.      1.49985
 0.     2.      2.25
 0.      0.     3.
 0.      0.     .7497
 0.      0.     1.49985
 0.      0.     2.25
1.      1.33333 3.
1.      .666533 3.
.500041 2.      .439023
.500067 2.      1.86596
.500036 2.      1.13427
.500022 2.      2.56117
.5      2.      3.
 0.     1.52556 2.52654
 0.     .976206 2.49198
 0.     .442556 2.54759
 0.     .527721 .492339
 0.     .731134 1.18705
 0.     .577382 1.97938
 0.     1.24417 .516304
 0.     1.4586  1.16876
 0.     1.32163 1.87691
 0.     .666667 3.
 0.     1.33347 3.
.500004  0.     2.56076
.500005  0.     1.13366
.500025  0.     1.86547
.500015  0.     .438689
.5       0.     3.
.500008 .388889 3.
.500008 1.61116 3.
.500015 1.00001 3.
