TITLE = "Cylindrical Flow Velocity Data"
Variables="X","Y","Z","VX","VY", "VZ"
Zone I=    17, J=    17, K=     1, F=POINT
     0.000     0.000     0.000    0.00000        0.00000       0.843745E-05
     0.063     0.000     0.000    0.00000       0.625000E-01    0.00000    
     0.125     0.000     0.000    0.00000       0.125000        0.00000    
     0.188     0.000     0.000    0.00000       0.187500        0.00000    
     0.250     0.000     0.000    0.00000       0.250000        0.00000    
     0.313     0.000     0.000    0.00000       0.312500        0.00000    
     0.375     0.000     0.000    0.00000       0.375000        0.00000    
     0.438     0.000     0.000    0.00000       0.437500        0.00000    
     0.500     0.000     0.000    0.00000       0.500000        0.00000    
     0.563     0.000     0.000    0.00000       0.562500        0.00000    
     0.625     0.000     0.000    0.00000       0.625000        0.00000    
     0.688     0.000     0.000    0.00000       0.687500        0.00000    
     0.750     0.000     0.000    0.00000       0.750000        0.00000    
     0.813     0.000     0.000    0.00000       0.812500        0.00000    
     0.875     0.000     0.000    0.00000       0.875000        0.00000    
     0.938     0.000     0.000    0.00000       0.937500        0.00000    
     1.000     0.000     0.000    0.00000        1.00000        0.00000    
     0.000     0.000     0.063    0.00000        0.00000      -0.340990E-03
     0.063     0.000     0.063   0.220454E-03   0.260842E-01  -0.338923E-03
     0.125     0.000     0.063   0.405003E-03   0.539423E-01  -0.325334E-03
     0.188     0.000     0.063   0.660855E-03   0.816067E-01  -0.322266E-03
     0.250     0.000     0.063   0.858455E-03   0.109064      -0.318205E-03
     0.313     0.000     0.063   0.111440E-02   0.136705      -0.318957E-03
     0.375     0.000     0.063   0.130269E-02   0.164040      -0.315820E-03
     0.438     0.000     0.063   0.154903E-02   0.191748      -0.306302E-03
     0.500     0.000     0.063   0.173916E-02   0.219146      -0.295588E-03
     0.563     0.000     0.063   0.199860E-02   0.247197      -0.304407E-03
     0.625     0.000     0.063   0.207256E-02   0.275374      -0.293779E-03
     0.688     0.000     0.063   0.219454E-02   0.305419      -0.202208E-03
     0.750     0.000     0.063   0.239701E-02   0.338800      -0.783229E-04
     0.813     0.000     0.063   0.256221E-02   0.382108       0.207215E-04
     0.875     0.000     0.063   0.133242E-02   0.453089       0.218690E-03
     0.938     0.000     0.063   0.939825E-03   0.637615       0.939825E-03
     1.000     0.000     0.063    0.00000        1.00000        0.00000    
     0.000     0.000     0.125    0.00000        0.00000      -0.580150E-03
     0.063     0.000     0.125   0.100789E-03   0.111419E-01  -0.580235E-03
     0.125     0.000     0.125   0.169223E-03   0.211677E-01  -0.566165E-03
     0.188     0.000     0.125   0.255134E-03   0.319153E-01  -0.565444E-03
     0.250     0.000     0.125   0.298091E-03   0.415021E-01  -0.559384E-03
     0.313     0.000     0.125   0.395351E-03   0.525280E-01  -0.557860E-03
     0.375     0.000     0.125   0.404651E-03   0.619975E-01  -0.548929E-03
     0.438     0.000     0.125   0.517155E-03   0.733254E-01  -0.537850E-03
     0.500     0.000     0.125   0.505294E-03   0.828922E-01  -0.511000E-03
     0.563     0.000     0.125   0.615854E-03   0.950146E-01  -0.478382E-03
     0.625     0.000     0.125   0.459711E-03   0.106001      -0.425641E-03
     0.688     0.000     0.125   0.515303E-03   0.121950      -0.299659E-03
     0.750     0.000     0.125   0.524321E-03   0.142392      -0.532267E-04
     0.813     0.000     0.125   0.407114E-03   0.180558       0.339255E-03
     0.875     0.000     0.125  -0.124596E-02   0.258753       0.779898E-03
     0.938     0.000     0.125  -0.224332E-03   0.504146       0.116391E-02
     1.000     0.000     0.125    0.00000        1.00000        0.00000    
     0.000     0.000     0.188    0.00000        0.00000      -0.672798E-03
     0.063     0.000     0.188  -0.308704E-05   0.422312E-02  -0.684332E-03
     0.125     0.000     0.188  -0.188964E-04   0.876373E-02  -0.691226E-03
     0.188     0.000     0.188  -0.347829E-04   0.130442E-01  -0.696977E-03
     0.250     0.000     0.188  -0.564431E-04   0.173315E-01  -0.698125E-03
     0.313     0.000     0.188  -0.759197E-04   0.216244E-01  -0.694126E-03
     0.375     0.000     0.188  -0.111476E-03   0.259239E-01  -0.683669E-03
     0.438     0.000     0.188  -0.133110E-03   0.303792E-01  -0.665506E-03
     0.500     0.000     0.188  -0.163434E-03   0.350076E-01  -0.633987E-03
     0.563     0.000     0.188  -0.206327E-03   0.403148E-01  -0.578092E-03
     0.625     0.000     0.188  -0.347021E-03   0.469760E-01  -0.490139E-03
     0.688     0.000     0.188  -0.413974E-03   0.571571E-01  -0.328924E-03
     0.750     0.000     0.188  -0.253337E-03   0.758854E-01  -0.721306E-04
     0.813     0.000     0.188  -0.377743E-03   0.115159       0.393140E-03
     0.875     0.000     0.188  -0.140020E-02   0.208105       0.882513E-03
     0.938     0.000     0.188  -0.273154E-03   0.470803       0.127224E-02
     1.000     0.000     0.188    0.00000        1.00000        0.00000    
     0.000     0.000     0.250    0.00000        0.00000      -0.605478E-03
     0.063     0.000     0.250  -0.538747E-04   0.185280E-02  -0.611833E-03
     0.125     0.000     0.250  -0.114977E-03   0.361398E-02  -0.617835E-03
     0.188     0.000     0.250  -0.171530E-03   0.541647E-02  -0.620311E-03
     0.250     0.000     0.250  -0.229551E-03   0.721150E-02  -0.617872E-03
     0.313     0.000     0.250  -0.289087E-03   0.900152E-02  -0.611631E-03
     0.375     0.000     0.250  -0.354586E-03   0.109362E-01  -0.595630E-03
     0.438     0.000     0.250  -0.418629E-03   0.128485E-01  -0.572496E-03
     0.500     0.000     0.250  -0.466776E-03   0.152850E-01  -0.532463E-03
     0.563     0.000     0.250  -0.541750E-03   0.181239E-01  -0.469071E-03
     0.625     0.000     0.250  -0.673469E-03   0.230792E-01  -0.364041E-03
     0.688     0.000     0.250  -0.746435E-03   0.314546E-01  -0.199630E-03
     0.750     0.000     0.250  -0.524400E-03   0.504264E-01   0.444673E-04
     0.813     0.000     0.250  -0.523250E-03   0.902427E-01   0.369608E-03
     0.875     0.000     0.250  -0.159925E-02   0.187119       0.710583E-03
     0.938     0.000     0.250   0.680712E-04   0.459023       0.683127E-03
     1.000     0.000     0.250    0.00000        1.00000        0.00000    
     0.000     0.000     0.313    0.00000        0.00000      -0.490243E-03
     0.063     0.000     0.313  -0.755358E-04   0.722243E-03  -0.484541E-03
     0.125     0.000     0.313  -0.152891E-03   0.150761E-02  -0.483003E-03
     0.188     0.000     0.313  -0.225404E-03   0.225129E-02  -0.477508E-03
     0.250     0.000     0.313  -0.299075E-03   0.303071E-02  -0.470538E-03
     0.313     0.000     0.313  -0.372513E-03   0.379699E-02  -0.459183E-03
     0.375     0.000     0.313  -0.449218E-03   0.466905E-02  -0.442815E-03
     0.438     0.000     0.313  -0.522045E-03   0.562206E-02  -0.415883E-03
     0.500     0.000     0.313  -0.571841E-03   0.697589E-02  -0.376762E-03
     0.563     0.000     0.313  -0.640759E-03   0.900003E-02  -0.312380E-03
     0.625     0.000     0.313  -0.748402E-03   0.129602E-01  -0.218961E-03
     0.688     0.000     0.313  -0.781221E-03   0.209783E-01  -0.680306E-04
     0.750     0.000     0.313  -0.481202E-03   0.393710E-01   0.126539E-03
     0.813     0.000     0.313  -0.403697E-03   0.809459E-01   0.376640E-03
     0.875     0.000     0.313  -0.133178E-02   0.181202       0.574205E-03
     0.938     0.000     0.313   0.138624E-03   0.455180       0.472371E-03
     1.000     0.000     0.313    0.00000        1.00000        0.00000    
     0.000     0.000     0.375    0.00000        0.00000      -0.319251E-03
     0.063     0.000     0.375  -0.811674E-04   0.328451E-03  -0.323321E-03
     0.125     0.000     0.375  -0.167193E-03   0.643631E-03  -0.322206E-03
     0.188     0.000     0.375  -0.243673E-03   0.969260E-03  -0.319735E-03
     0.250     0.000     0.375  -0.323841E-03   0.130759E-02  -0.313122E-03
     0.313     0.000     0.375  -0.400397E-03   0.166603E-02  -0.305017E-03
     0.375     0.000     0.375  -0.479823E-03   0.211123E-02  -0.291469E-03
     0.438     0.000     0.375  -0.549943E-03   0.267016E-02  -0.271582E-03
     0.500     0.000     0.375  -0.595360E-03   0.363726E-02  -0.240174E-03
     0.563     0.000     0.375  -0.648137E-03   0.532324E-02  -0.193089E-03
     0.625     0.000     0.375  -0.735562E-03   0.907278E-02  -0.122586E-03
     0.688     0.000     0.375  -0.728463E-03   0.169635E-01  -0.253071E-04
     0.750     0.000     0.375  -0.414963E-03   0.358765E-01   0.102894E-03
     0.813     0.000     0.375  -0.304457E-03   0.771205E-01   0.225301E-03
     0.875     0.000     0.375  -0.143522E-02   0.176731       0.334345E-03
     0.938     0.000     0.375   0.104553E-03   0.453412       0.292520E-03
     1.000     0.000     0.375    0.00000        1.00000        0.00000    
     0.000     0.000     0.438    0.00000        0.00000      -0.168558E-03
     0.063     0.000     0.438  -0.825453E-04   0.148262E-03  -0.161693E-03
     0.125     0.000     0.438  -0.170291E-03   0.311266E-03  -0.160371E-03
     0.188     0.000     0.438  -0.249571E-03   0.467798E-03  -0.157561E-03
     0.250     0.000     0.438  -0.330360E-03   0.644321E-03  -0.154894E-03
     0.313     0.000     0.438  -0.408041E-03   0.839042E-03  -0.149805E-03
     0.375     0.000     0.438  -0.485869E-03   0.111294E-02  -0.142870E-03
     0.438     0.000     0.438  -0.552786E-03   0.152211E-02  -0.130842E-03
     0.500     0.000     0.438  -0.590487E-03   0.230917E-02  -0.113775E-03
     0.563     0.000     0.438  -0.633257E-03   0.387946E-02  -0.860468E-04
     0.625     0.000     0.438  -0.704827E-03   0.742212E-02  -0.483528E-04
     0.688     0.000     0.438  -0.678454E-03   0.152915E-01   0.455795E-05
     0.750     0.000     0.438  -0.345044E-03   0.337712E-01   0.652875E-04
     0.813     0.000     0.438  -0.211290E-03   0.759779E-01   0.112823E-03
     0.875     0.000     0.438  -0.118440E-02   0.177385       0.147580E-03
     0.938     0.000     0.438   0.142737E-03   0.453150       0.119260E-03
     1.000     0.000     0.438    0.00000        1.00000        0.00000    
     0.000     0.000     0.500    0.00000        0.00000       0.207668E-04
     0.063     0.000     0.500  -0.824044E-04   0.121857E-03   0.145531E-04
     0.125     0.000     0.500  -0.171746E-03   0.240644E-03   0.127353E-04
     0.188     0.000     0.500  -0.251152E-03   0.348448E-03   0.115736E-04
     0.250     0.000     0.500  -0.332944E-03   0.485846E-03   0.107641E-04
     0.313     0.000     0.500  -0.409472E-03   0.632236E-03   0.949378E-05
     0.375     0.000     0.500  -0.487638E-03   0.872528E-03   0.879249E-05
     0.438     0.000     0.500  -0.551205E-03   0.123437E-02   0.746932E-05
     0.500     0.000     0.500  -0.589121E-03   0.200495E-02   0.658481E-05
     0.563     0.000     0.500  -0.623009E-03   0.353566E-02   0.386470E-05
     0.625     0.000     0.500  -0.694097E-03   0.714360E-02   0.227888E-05
     0.688     0.000     0.500  -0.656905E-03   0.150023E-01  -0.528594E-05
     0.750     0.000     0.500  -0.340855E-03   0.339509E-01  -0.902774E-05
     0.813     0.000     0.500  -0.229793E-03   0.754439E-01  -0.231622E-04
     0.875     0.000     0.500  -0.136980E-02   0.175424      -0.196198E-04
     0.938     0.000     0.500   0.115991E-03   0.452751      -0.140915E-04
     1.000     0.000     0.500    0.00000        1.00000        0.00000    
     0.000     0.000     0.563    0.00000        0.00000       0.177907E-03
     0.063     0.000     0.563  -0.843101E-04   0.154482E-03   0.180903E-03
     0.125     0.000     0.563  -0.170551E-03   0.325441E-03   0.177337E-03
     0.188     0.000     0.563  -0.250268E-03   0.476133E-03   0.176285E-03
     0.250     0.000     0.563  -0.332314E-03   0.656903E-03   0.173071E-03
     0.313     0.000     0.563  -0.409522E-03   0.845230E-03   0.167985E-03
     0.375     0.000     0.563  -0.488315E-03   0.112297E-02   0.160353E-03
     0.438     0.000     0.563  -0.553574E-03   0.152570E-02   0.148919E-03
     0.500     0.000     0.563  -0.594671E-03   0.231484E-02   0.132025E-03
     0.563     0.000     0.563  -0.633985E-03   0.387848E-02   0.104891E-03
     0.625     0.000     0.563  -0.713876E-03   0.741891E-02   0.684838E-04
     0.688     0.000     0.563  -0.683533E-03   0.152840E-01   0.133124E-04
     0.750     0.000     0.563  -0.365074E-03   0.337554E-01  -0.522442E-04
     0.813     0.000     0.563  -0.235247E-03   0.759692E-01  -0.128041E-03
     0.875     0.000     0.563  -0.117852E-02   0.177367      -0.172932E-03
     0.938     0.000     0.563   0.148934E-03   0.453160      -0.147526E-03
     1.000     0.000     0.563    0.00000        1.00000        0.00000    
     0.000     0.000     0.625    0.00000        0.00000       0.341482E-03
     0.063     0.000     0.625  -0.835679E-04   0.374000E-03   0.341447E-03
     0.125     0.000     0.625  -0.167168E-03   0.738582E-03   0.337908E-03
     0.188     0.000     0.625  -0.244562E-03   0.101195E-02   0.334731E-03
     0.250     0.000     0.625  -0.325867E-03   0.139401E-02   0.329154E-03
     0.313     0.000     0.625  -0.403083E-03   0.170033E-02   0.319376E-03
     0.375     0.000     0.625  -0.482882E-03   0.218963E-02   0.305888E-03
     0.438     0.000     0.625  -0.550967E-03   0.269676E-02   0.284889E-03
     0.500     0.000     0.625  -0.600501E-03   0.370076E-02   0.252352E-03
     0.563     0.000     0.625  -0.647805E-03   0.533559E-02   0.201991E-03
     0.625     0.000     0.625  -0.743890E-03   0.909907E-02   0.132491E-03
     0.688     0.000     0.625  -0.733054E-03   0.169520E-01   0.366444E-04
     0.750     0.000     0.625  -0.451014E-03   0.358286E-01  -0.943930E-04
     0.813     0.000     0.625  -0.346747E-03   0.770951E-01  -0.233770E-03
     0.875     0.000     0.625  -0.144324E-02   0.176610      -0.323546E-03
     0.938     0.000     0.625   0.996203E-04   0.453446      -0.318011E-03
     1.000     0.000     0.625    0.00000        1.00000        0.00000    
     0.000     0.000     0.688    0.00000        0.00000       0.463939E-03
     0.063     0.000     0.688  -0.679838E-04   0.720275E-03   0.483854E-03
     0.125     0.000     0.688  -0.154085E-03   0.153324E-02   0.492502E-03
     0.188     0.000     0.688  -0.227511E-03   0.222497E-02   0.492151E-03
     0.250     0.000     0.688  -0.306388E-03   0.302782E-02   0.485612E-03
     0.313     0.000     0.688  -0.379831E-03   0.375179E-02   0.474079E-03
     0.375     0.000     0.688  -0.457689E-03   0.465212E-02   0.456778E-03
     0.438     0.000     0.688  -0.526780E-03   0.556556E-02   0.431446E-03
     0.500     0.000     0.688  -0.586627E-03   0.694260E-02   0.391866E-03
     0.563     0.000     0.688  -0.645515E-03   0.892836E-02   0.325918E-03
     0.625     0.000     0.688  -0.759953E-03   0.128957E-01   0.235600E-03
     0.688     0.000     0.688  -0.773530E-03   0.209002E-01   0.103180E-03
     0.750     0.000     0.688  -0.529197E-03   0.392850E-01  -0.777960E-04
     0.813     0.000     0.688  -0.422817E-03   0.809380E-01  -0.317296E-03
     0.875     0.000     0.688  -0.135192E-02   0.181151      -0.503269E-03
     0.938     0.000     0.688   0.618904E-04   0.455361      -0.523081E-03
     1.000     0.000     0.688    0.00000        1.00000        0.00000    
     0.000     0.000     0.750    0.00000        0.00000       0.684475E-03
     0.063     0.000     0.750  -0.422657E-04   0.195827E-02   0.675043E-03
     0.125     0.000     0.750  -0.116791E-03   0.394236E-02   0.674168E-03
     0.188     0.000     0.750  -0.180063E-03   0.541705E-02   0.669094E-03
     0.250     0.000     0.750  -0.244114E-03   0.745613E-02   0.658281E-03
     0.313     0.000     0.750  -0.304963E-03   0.895240E-02   0.646560E-03
     0.375     0.000     0.750  -0.367806E-03   0.111513E-01   0.627168E-03
     0.438     0.000     0.750  -0.430004E-03   0.127752E-01   0.603037E-03
     0.500     0.000     0.750  -0.488210E-03   0.154607E-01   0.557389E-03
     0.563     0.000     0.750  -0.554450E-03   0.180145E-01   0.486862E-03
     0.625     0.000     0.750  -0.681847E-03   0.231439E-01   0.383645E-03
     0.688     0.000     0.750  -0.728290E-03   0.313069E-01   0.220749E-03
     0.750     0.000     0.750  -0.585676E-03   0.502920E-01  -0.568289E-04
     0.813     0.000     0.750  -0.529339E-03   0.902425E-01  -0.467458E-03
     0.875     0.000     0.750  -0.171847E-02   0.186610      -0.844061E-03
     0.938     0.000     0.750  -0.472993E-04   0.459580      -0.103560E-02
     1.000     0.000     0.750    0.00000        1.00000        0.00000    
     0.000     0.000     0.813    0.00000        0.00000       0.838641E-03
     0.063     0.000     0.813  -0.376224E-04   0.382566E-02   0.809657E-03
     0.125     0.000     0.813  -0.701282E-04   0.810815E-02   0.779998E-03
     0.188     0.000     0.813  -0.766624E-04   0.122825E-01   0.765538E-03
     0.250     0.000     0.813  -0.114445E-03   0.165173E-01   0.752335E-03
     0.313     0.000     0.813  -0.117160E-03   0.207832E-01   0.739320E-03
     0.375     0.000     0.813  -0.161271E-03   0.250649E-01   0.722314E-03
     0.438     0.000     0.813  -0.167204E-03   0.295088E-01   0.701018E-03
     0.500     0.000     0.813  -0.230531E-03   0.341158E-01   0.665004E-03
     0.563     0.000     0.813  -0.248672E-03   0.394221E-01   0.598514E-03
     0.625     0.000     0.813  -0.385364E-03   0.460333E-01   0.504805E-03
     0.688     0.000     0.813  -0.421278E-03   0.563289E-01   0.357107E-03
     0.750     0.000     0.813  -0.421264E-03   0.750701E-01   0.940668E-04
     0.813     0.000     0.813  -0.407074E-03   0.115405      -0.407091E-03
     0.875     0.000     0.813  -0.156316E-02   0.209105      -0.933252E-03
     0.938     0.000     0.813  -0.161551E-03   0.473294      -0.124434E-02
     1.000     0.000     0.813    0.00000        1.00000        0.00000    
     0.000     0.000     0.875    0.00000        0.00000       0.596767E-03
     0.063     0.000     0.875   0.764187E-05   0.103808E-01   0.622408E-03
     0.125     0.000     0.875   0.258979E-04   0.205940E-01   0.603321E-03
     0.188     0.000     0.875   0.175304E-03   0.304468E-01   0.596529E-03
     0.250     0.000     0.875   0.169347E-03   0.407424E-01   0.585270E-03
     0.313     0.000     0.875   0.327904E-03   0.509520E-01   0.581349E-03
     0.375     0.000     0.875   0.289129E-03   0.611851E-01   0.568811E-03
     0.438     0.000     0.875   0.462742E-03   0.717099E-01   0.558774E-03
     0.500     0.000     0.875   0.376993E-03   0.820210E-01   0.533367E-03
     0.563     0.000     0.875   0.546506E-03   0.933527E-01   0.503518E-03
     0.625     0.000     0.875   0.382237E-03   0.104935       0.458815E-03
     0.688     0.000     0.875   0.521828E-03   0.120258       0.402730E-03
     0.750     0.000     0.875   0.368409E-03   0.140740       0.192820E-03
     0.813     0.000     0.875   0.424348E-03   0.180755      -0.217134E-03
     0.875     0.000     0.875  -0.112081E-02   0.260807      -0.864376E-03
     0.938     0.000     0.875   0.207924E-03   0.512185      -0.130708E-02
     1.000     0.000     0.875    0.00000        1.00000        0.00000    
     0.000     0.000     0.938    0.00000        0.00000       0.252726E-03
     0.063     0.000     0.938   0.310710E-03   0.262573E-01   0.283466E-03
     0.125     0.000     0.938   0.528871E-03   0.543800E-01   0.318624E-03
     0.188     0.000     0.938   0.761977E-03   0.816986E-01   0.320142E-03
     0.250     0.000     0.938   0.100197E-02   0.109446       0.318365E-03
     0.313     0.000     0.938   0.122682E-02   0.136759       0.316800E-03
     0.375     0.000     0.938   0.145776E-02   0.164404       0.314449E-03
     0.438     0.000     0.938   0.167892E-02   0.191791       0.310325E-03
     0.500     0.000     0.938   0.188616E-02   0.219502       0.302306E-03
     0.563     0.000     0.938   0.209420E-02   0.247258       0.288293E-03
     0.625     0.000     0.938   0.228561E-02   0.275758       0.275840E-03
     0.688     0.000     0.938   0.243636E-02   0.305757       0.288431E-03
     0.750     0.000     0.938   0.250883E-02   0.339875       0.228889E-03
     0.813     0.000     0.938   0.246959E-02   0.385646      -0.393792E-04
     0.875     0.000     0.938   0.106018E-02   0.463099      -0.421463E-03
     0.938     0.000     0.938   0.124207E-02   0.641068      -0.925437E-03
     1.000     0.000     0.938    0.00000        1.00000        0.00000    
     0.000     0.000     1.000    0.00000        0.00000       0.653961E-04
     0.063     0.000     1.000    0.00000       0.625000E-01    0.00000    
     0.125     0.000     1.000    0.00000       0.125000        0.00000    
     0.188     0.000     1.000    0.00000       0.187500        0.00000    
     0.250     0.000     1.000    0.00000       0.250000        0.00000    
     0.313     0.000     1.000    0.00000       0.312500        0.00000    
     0.375     0.000     1.000    0.00000       0.375000        0.00000    
     0.438     0.000     1.000    0.00000       0.437500        0.00000    
     0.500     0.000     1.000    0.00000       0.500000        0.00000    
     0.563     0.000     1.000    0.00000       0.562500        0.00000    
     0.625     0.000     1.000    0.00000       0.625000        0.00000    
     0.688     0.000     1.000    0.00000       0.687500        0.00000    
     0.750     0.000     1.000    0.00000       0.750000        0.00000    
     0.813     0.000     1.000    0.00000       0.812500        0.00000    
     0.875     0.000     1.000    0.00000       0.875000        0.00000    
     0.938     0.000     1.000    0.00000       0.937500        0.00000    
     1.000     0.000     1.000    0.00000        1.00000        0.00000    
 
Zone I=    17, J=    17K=     1, F=POINT
     0.000     0.000     0.000    0.00000        0.00000       0.333626E-04
     0.063     0.000     0.000    0.00000       0.625000E-01    0.00000    
     0.125     0.000     0.000    0.00000       0.125000        0.00000    
     0.188     0.000     0.000    0.00000       0.187500        0.00000    
     0.250     0.000     0.000    0.00000       0.250000        0.00000    
     0.313     0.000     0.000    0.00000       0.312500        0.00000    
     0.375     0.000     0.000    0.00000       0.375000        0.00000    
     0.438     0.000     0.000    0.00000       0.437500        0.00000    
     0.500     0.000     0.000    0.00000       0.500000        0.00000    
     0.563     0.000     0.000    0.00000       0.562500        0.00000    
     0.625     0.000     0.000    0.00000       0.625000        0.00000    
     0.688     0.000     0.000    0.00000       0.687500        0.00000    
     0.750     0.000     0.000    0.00000       0.750000        0.00000    
     0.813     0.000     0.000    0.00000       0.812500        0.00000    
     0.875     0.000     0.000    0.00000       0.875000        0.00000    
     0.938     0.000     0.000    0.00000       0.937500        0.00000    
     1.000     0.000     0.000    0.00000        1.00000        0.00000    
     0.000     0.000     0.063    0.00000        0.00000      -0.696537E-03
     0.063     0.000     0.063   0.466121E-03   0.369027E-01  -0.679135E-03
     0.125     0.000     0.063   0.871248E-03   0.747511E-01  -0.646154E-03
     0.188     0.000     0.063   0.137550E-02   0.112642      -0.634438E-03
     0.250     0.000     0.063   0.180225E-02   0.150357      -0.624958E-03
     0.313     0.000     0.063   0.229746E-02   0.188296      -0.623394E-03
     0.375     0.000     0.063   0.270869E-02   0.226029      -0.615948E-03
     0.438     0.000     0.063   0.318538E-02   0.264206      -0.599088E-03
     0.500     0.000     0.063   0.358393E-02   0.302396      -0.573976E-03
     0.563     0.000     0.063   0.404149E-02   0.341669      -0.556911E-03
     0.625     0.000     0.063   0.424103E-02   0.382209      -0.498775E-03
     0.688     0.000     0.063   0.447634E-02   0.426542      -0.337661E-03
     0.750     0.000     0.063   0.450673E-02   0.477955      -0.853781E-04
     0.813     0.000     0.063   0.436698E-02   0.545282       0.262120E-03
     0.875     0.000     0.063   0.258729E-02   0.643699       0.666588E-03
     0.938     0.000     0.063   0.126079E-02   0.797945       0.126079E-02
     1.000     0.000     0.063    0.00000        1.00000        0.00000    
     0.000     0.000     0.125    0.00000        0.00000      -0.132102E-02
     0.063     0.000     0.125   0.289513E-03   0.205793E-01  -0.131433E-02
     0.125     0.000     0.125   0.541080E-03   0.406786E-01  -0.128077E-02
     0.188     0.000     0.125   0.809653E-03   0.610054E-01  -0.127097E-02
     0.250     0.000     0.125   0.104153E-02   0.808648E-01  -0.125837E-02
     0.313     0.000     0.125   0.131318E-02   0.101502      -0.125068E-02
     0.375     0.000     0.125   0.150124E-02   0.121414      -0.123158E-02
     0.438     0.000     0.125   0.177797E-02   0.142659      -0.120076E-02
     0.500     0.000     0.125   0.192676E-02   0.163402      -0.113854E-02
     0.563     0.000     0.125   0.216192E-02   0.186858      -0.104151E-02
     0.625     0.000     0.125   0.207724E-02   0.211981      -0.874211E-03
     0.688     0.000     0.125   0.215323E-02   0.244921      -0.534229E-03
     0.750     0.000     0.125   0.198653E-02   0.289676       0.347728E-04
     0.813     0.000     0.125   0.164557E-02   0.362946       0.931845E-03
     0.875     0.000     0.125  -0.289092E-03   0.484783       0.178744E-02
     0.938     0.000     0.125   0.770796E-04   0.704040       0.221988E-02
     1.000     0.000     0.125    0.00000        1.00000        0.00000    
     0.000     0.000     0.188    0.00000        0.00000      -0.164103E-02
     0.063     0.000     0.188   0.482836E-04   0.100738E-01  -0.166132E-02
     0.125     0.000     0.188   0.753888E-04   0.206195E-01  -0.166949E-02
     0.188     0.000     0.188   0.106025E-03   0.309000E-01  -0.167610E-02
     0.250     0.000     0.188   0.127422E-03   0.412588E-01  -0.167407E-02
     0.313     0.000     0.188   0.150038E-03   0.516391E-01  -0.166276E-02
     0.375     0.000     0.188   0.147794E-03   0.622253E-01  -0.163604E-02
     0.438     0.000     0.188   0.159314E-03   0.732304E-01  -0.158865E-02
     0.500     0.000     0.188   0.149018E-03   0.851313E-01  -0.150438E-02
     0.563     0.000     0.188   0.109062E-03   0.989942E-01  -0.135455E-02
     0.625     0.000     0.188  -0.656940E-04   0.116966      -0.110663E-02
     0.688     0.000     0.188  -0.173862E-03   0.143503      -0.660131E-03
     0.750     0.000     0.188  -0.135393E-03   0.187636       0.162070E-04
     0.813     0.000     0.188  -0.340375E-03   0.266593       0.111447E-02
     0.875     0.000     0.188  -0.136489E-02   0.410338       0.214102E-02
     0.938     0.000     0.188  -0.322937E-03   0.658960       0.257807E-02
     1.000     0.000     0.188    0.00000        1.00000        0.00000    
     0.000     0.000     0.250    0.00000        0.00000      -0.156302E-02
     0.063     0.000     0.250  -0.101085E-03   0.516203E-02  -0.157296E-02
     0.125     0.000     0.250  -0.219052E-03   0.101591E-01  -0.158123E-02
     0.188     0.000     0.250  -0.326609E-03   0.152560E-01  -0.158348E-02
     0.250     0.000     0.250  -0.441399E-03   0.203057E-01  -0.157546E-02
     0.313     0.000     0.250  -0.552825E-03   0.255510E-01  -0.155878E-02
     0.375     0.000     0.250  -0.682289E-03   0.310002E-01  -0.152029E-02
     0.438     0.000     0.250  -0.802146E-03   0.369620E-01  -0.146050E-02
     0.500     0.000     0.250  -0.917203E-03   0.440994E-01  -0.135539E-02
     0.563     0.000     0.250  -0.106195E-02   0.534174E-01  -0.118207E-02
     0.625     0.000     0.250  -0.128260E-02   0.678634E-01  -0.895339E-03
     0.688     0.000     0.250  -0.139993E-02   0.918941E-01  -0.439979E-03
     0.750     0.000     0.250  -0.126476E-02   0.136532       0.223327E-03
     0.813     0.000     0.250  -0.113983E-02   0.219215       0.105587E-02
     0.875     0.000     0.250  -0.204780E-02   0.372200       0.185024E-02
     0.938     0.000     0.250  -0.833181E-04   0.637884       0.173957E-02
     1.000     0.000     0.250    0.00000        1.00000        0.00000    
     0.000     0.000     0.313    0.00000        0.00000      -0.129789E-02
     0.063     0.000     0.313  -0.182144E-03   0.238270E-02  -0.129049E-02
     0.125     0.000     0.313  -0.366741E-03   0.491318E-02  -0.128731E-02
     0.188     0.000     0.313  -0.542945E-03   0.737984E-02  -0.127672E-02
     0.250     0.000     0.313  -0.722269E-03   0.993854E-02  -0.126096E-02
     0.313     0.000     0.313  -0.899697E-03   0.125711E-01  -0.123565E-02
     0.375     0.000     0.313  -0.108285E-02   0.155299E-01  -0.119595E-02
     0.438     0.000     0.313  -0.125730E-02   0.189983E-01  -0.112981E-02
     0.500     0.000     0.313  -0.140127E-02   0.237781E-01  -0.102716E-02
     0.563     0.000     0.313  -0.156341E-02   0.310103E-01  -0.855571E-03
     0.625     0.000     0.313  -0.174117E-02   0.437050E-01  -0.597681E-03
     0.688     0.000     0.313  -0.179478E-02   0.670037E-01  -0.186872E-03
     0.750     0.000     0.313  -0.148506E-02   0.111979       0.344411E-03
     0.813     0.000     0.313  -0.121628E-02   0.197707       0.998225E-03
     0.875     0.000     0.313  -0.190015E-02   0.357077       0.149299E-02
     0.938     0.000     0.313  -0.436017E-04   0.629155       0.128599E-02
     1.000     0.000     0.313    0.00000        1.00000        0.00000    
     0.000     0.000     0.375    0.00000        0.00000      -0.880427E-03
     0.063     0.000     0.375  -0.212202E-03   0.122816E-02  -0.887074E-03
     0.125     0.000     0.375  -0.433794E-03   0.242569E-02  -0.884109E-03
     0.188     0.000     0.375  -0.637152E-03   0.366137E-02  -0.878274E-03
     0.250     0.000     0.375  -0.847950E-03   0.495566E-02  -0.863218E-03
     0.313     0.000     0.375  -0.105055E-02   0.638326E-02  -0.843848E-03
     0.375     0.000     0.375  -0.125579E-02   0.813493E-02  -0.810285E-03
     0.438     0.000     0.375  -0.144156E-02   0.104530E-01  -0.758844E-03
     0.500     0.000     0.375  -0.158784E-02   0.141771E-01  -0.676033E-03
     0.563     0.000     0.375  -0.172851E-02   0.204633E-01  -0.547682E-03
     0.625     0.000     0.375  -0.187030E-02   0.325863E-01  -0.351907E-03
     0.688     0.000     0.375  -0.183636E-02   0.555700E-01  -0.785013E-04
     0.750     0.000     0.375  -0.148204E-02   0.101224       0.282513E-03
     0.813     0.000     0.375  -0.109373E-02   0.187758       0.633772E-03
     0.875     0.000     0.375  -0.196944E-02   0.348405       0.921710E-03
     0.938     0.000     0.375  -0.428682E-04   0.625004       0.790670E-03
     1.000     0.000     0.375    0.00000        1.00000        0.00000    
     0.000     0.000     0.438    0.00000        0.00000      -0.464995E-03
     0.063     0.000     0.438  -0.224723E-03   0.638313E-03  -0.452742E-03
     0.125     0.000     0.438  -0.457911E-03   0.132958E-02  -0.449554E-03
     0.188     0.000     0.438  -0.675254E-03   0.201689E-02  -0.443377E-03
     0.250     0.000     0.438  -0.895548E-03   0.278953E-02  -0.436597E-03
     0.313     0.000     0.438  -0.110821E-02   0.367926E-02  -0.424400E-03
     0.375     0.000     0.438  -0.131657E-02   0.490309E-02  -0.406579E-03
     0.438     0.000     0.438  -0.150183E-02   0.672788E-02  -0.375310E-03
     0.500     0.000     0.438  -0.163698E-02   0.994701E-02  -0.329383E-03
     0.563     0.000     0.438  -0.175687E-02   0.158737E-01  -0.255043E-03
     0.625     0.000     0.438  -0.185855E-02   0.275985E-01  -0.150389E-03
     0.688     0.000     0.438  -0.178256E-02   0.506105E-01  -0.142322E-05
     0.750     0.000     0.438  -0.137519E-02   0.962175E-01   0.172956E-03
     0.813     0.000     0.438  -0.958490E-03   0.183918       0.329544E-03
     0.875     0.000     0.438  -0.168654E-02   0.346778       0.438302E-03
     0.938     0.000     0.438   0.640985E-05   0.623681       0.354210E-03
     1.000     0.000     0.438    0.00000        1.00000        0.00000    
     0.000     0.000     0.500    0.00000        0.00000       0.295783E-04
     0.063     0.000     0.500  -0.226240E-03   0.533879E-03   0.190419E-04
     0.125     0.000     0.500  -0.464948E-03   0.106520E-02   0.163246E-04
     0.188     0.000     0.500  -0.685465E-03   0.158511E-02   0.148279E-04
     0.250     0.000     0.500  -0.909661E-03   0.221554E-02   0.139822E-04
     0.313     0.000     0.500  -0.112311E-02   0.294145E-02   0.124897E-04
     0.375     0.000     0.500  -0.133336E-02   0.404216E-02   0.117569E-04
     0.438     0.000     0.500  -0.151371E-02   0.570888E-02   0.101954E-04
     0.500     0.000     0.500  -0.164914E-02   0.885082E-02   0.878254E-05
     0.563     0.000     0.500  -0.175280E-02   0.146426E-01   0.357194E-05
     0.625     0.000     0.500  -0.185314E-02   0.264264E-01   0.245036E-05
     0.688     0.000     0.500  -0.174845E-02   0.493479E-01  -0.807827E-05
     0.750     0.000     0.500  -0.137003E-02   0.952844E-01  -0.134955E-04
     0.813     0.000     0.500  -0.953136E-03   0.182631      -0.412584E-04
     0.875     0.000     0.500  -0.184568E-02   0.344560      -0.285862E-04
     0.938     0.000     0.500  -0.117692E-04   0.623033      -0.256126E-04
     1.000     0.000     0.500    0.00000        1.00000        0.00000    
     0.000     0.000     0.563    0.00000        0.00000       0.466009E-03
     0.063     0.000     0.563  -0.227231E-03   0.642385E-03   0.472571E-03
     0.125     0.000     0.563  -0.458053E-03   0.134038E-02   0.466603E-03
     0.188     0.000     0.563  -0.676638E-03   0.201582E-02   0.464603E-03
     0.250     0.000     0.563  -0.898825E-03   0.279095E-02   0.457622E-03
     0.313     0.000     0.563  -0.111111E-02   0.366963E-02   0.446831E-03
     0.375     0.000     0.563  -0.132091E-02   0.489590E-02   0.428753E-03
     0.438     0.000     0.563  -0.150332E-02   0.671110E-02   0.400715E-03
     0.500     0.000     0.563  -0.164624E-02   0.993019E-02   0.356254E-03
     0.563     0.000     0.563  -0.175885E-02   0.158507E-01   0.284410E-03
     0.625     0.000     0.563  -0.187039E-02   0.275719E-01   0.184150E-03
     0.688     0.000     0.563  -0.178353E-02   0.505905E-01   0.402668E-04
     0.750     0.000     0.563  -0.141231E-02   0.961917E-01  -0.136810E-03
     0.813     0.000     0.563  -0.990819E-03   0.183921      -0.343356E-03
     0.875     0.000     0.563  -0.167383E-02   0.346771      -0.461398E-03
     0.938     0.000     0.563   0.106203E-04   0.623720      -0.396765E-03
     1.000     0.000     0.563    0.00000        1.00000        0.00000    
     0.000     0.000     0.625    0.00000        0.00000       0.904620E-03
     0.063     0.000     0.625  -0.214931E-03   0.128499E-02   0.906123E-03
     0.125     0.000     0.625  -0.432048E-03   0.256084E-02   0.899817E-03
     0.188     0.000     0.625  -0.638851E-03   0.369369E-02   0.894058E-03
     0.250     0.000     0.625  -0.850245E-03   0.506117E-02   0.881573E-03
     0.313     0.000     0.625  -0.105560E-02   0.639007E-02   0.861064E-03
     0.375     0.000     0.625  -0.125960E-02   0.821574E-02   0.828358E-03
     0.438     0.000     0.625  -0.144298E-02   0.104398E-01   0.777053E-03
     0.500     0.000     0.625  -0.159652E-02   0.142234E-01   0.693662E-03
     0.563     0.000     0.625  -0.172771E-02   0.204287E-01   0.565209E-03
     0.625     0.000     0.625  -0.187611E-02   0.325760E-01   0.374181E-03
     0.688     0.000     0.625  -0.182770E-02   0.555313E-01   0.107617E-03
     0.750     0.000     0.625  -0.154932E-02   0.101145      -0.259099E-03
     0.813     0.000     0.625  -0.115052E-02   0.187769      -0.670050E-03
     0.875     0.000     0.625  -0.198334E-02   0.348263      -0.919087E-03
     0.938     0.000     0.625  -0.594753E-04   0.625117      -0.867950E-03
     1.000     0.000     0.625    0.00000        1.00000        0.00000    
     0.000     0.000     0.688    0.00000        0.00000       0.125669E-02
     0.063     0.000     0.688  -0.172287E-03   0.234053E-02   0.128537E-02
     0.125     0.000     0.688  -0.371449E-03   0.485931E-02   0.129753E-02
     0.188     0.000     0.688  -0.549558E-03   0.725731E-02   0.129497E-02
     0.250     0.000     0.688  -0.737221E-03   0.981462E-02   0.128024E-02
     0.313     0.000     0.688  -0.915019E-03   0.124005E-01   0.125516E-02
     0.375     0.000     0.688  -0.110023E-02   0.153683E-01   0.121454E-02
     0.438     0.000     0.688  -0.126803E-02   0.188011E-01   0.115089E-02
     0.500     0.000     0.688  -0.142833E-02   0.235850E-01   0.104793E-02
     0.563     0.000     0.688  -0.156901E-02   0.308018E-01   0.879156E-03
     0.625     0.000     0.688  -0.175401E-02   0.434975E-01   0.630974E-03
     0.688     0.000     0.688  -0.176209E-02   0.668678E-01   0.255743E-03
     0.750     0.000     0.688  -0.159584E-02   0.111884      -0.251700E-03
     0.813     0.000     0.688  -0.124722E-02   0.197839      -0.913791E-03
     0.875     0.000     0.688  -0.192012E-02   0.357219      -0.140055E-02
     0.938     0.000     0.688  -0.142303E-03   0.629505      -0.134994E-02
     1.000     0.000     0.688    0.00000        1.00000        0.00000    
     0.000     0.000     0.750    0.00000        0.00000       0.168254E-02
     0.063     0.000     0.750  -0.875588E-04   0.519103E-02   0.166915E-02
     0.125     0.000     0.750  -0.226289E-03   0.103876E-01   0.166638E-02
     0.188     0.000     0.750  -0.344687E-03   0.150920E-01   0.165694E-02
     0.250     0.000     0.750  -0.468645E-03   0.203902E-01   0.163560E-02
     0.313     0.000     0.750  -0.582489E-03   0.252921E-01   0.161068E-02
     0.375     0.000     0.750  -0.708091E-03   0.310146E-01   0.156669E-02
     0.438     0.000     0.750  -0.825280E-03   0.366530E-01   0.150470E-02
     0.500     0.000     0.750  -0.955664E-03   0.440334E-01   0.139052E-02
     0.563     0.000     0.750  -0.107840E-02   0.530712E-01   0.120533E-02
     0.625     0.000     0.750  -0.129311E-02   0.676740E-01   0.910380E-03
     0.688     0.000     0.750  -0.134370E-02   0.916471E-01   0.435193E-03
     0.750     0.000     0.750  -0.138623E-02   0.136364      -0.278582E-03
     0.813     0.000     0.750  -0.113773E-02   0.219530      -0.125436E-02
     0.875     0.000     0.750  -0.215749E-02   0.372104      -0.206007E-02
     0.938     0.000     0.750  -0.213031E-03   0.638711      -0.219207E-02
     1.000     0.000     0.750    0.00000        1.00000        0.00000    
     0.000     0.000     0.813    0.00000        0.00000       0.189874E-02
     0.063     0.000     0.813  -0.443852E-05   0.964834E-02   0.185001E-02
     0.125     0.000     0.813   0.774392E-05   0.198916E-01   0.180284E-02
     0.188     0.000     0.813   0.494853E-04   0.300945E-01   0.177803E-02
     0.250     0.000     0.813   0.520895E-04   0.403149E-01   0.175509E-02
     0.313     0.000     0.813   0.950987E-04   0.507129E-01   0.172944E-02
     0.375     0.000     0.813   0.841450E-04   0.612027E-01   0.169323E-02
     0.438     0.000     0.813   0.113982E-03   0.722577E-01   0.163956E-02
     0.500     0.000     0.813   0.608444E-04   0.840598E-01   0.154717E-02
     0.563     0.000     0.813   0.558999E-04   0.980298E-01   0.137879E-02
     0.625     0.000     0.813  -0.126009E-03   0.115918       0.111441E-02
     0.688     0.000     0.813  -0.164660E-03   0.142861       0.656944E-03
     0.750     0.000     0.813  -0.387425E-03   0.187201      -0.538501E-04
     0.813     0.000     0.813  -0.322617E-03   0.267613      -0.117642E-02
     0.875     0.000     0.813  -0.146373E-02   0.412231      -0.223173E-02
     0.938     0.000     0.813  -0.145737E-03   0.660905      -0.250901E-02
     1.000     0.000     0.813    0.00000        1.00000        0.00000    
     0.000     0.000     0.875    0.00000        0.00000       0.130200E-02
     0.063     0.000     0.875   0.170391E-03   0.201838E-01   0.134201E-02
     0.125     0.000     0.875   0.367712E-03   0.401138E-01   0.131596E-02
     0.188     0.000     0.875   0.727902E-03   0.601970E-01   0.130469E-02
     0.250     0.000     0.875   0.893201E-03   0.801024E-01   0.128834E-02
     0.313     0.000     0.875   0.125182E-02   0.100575       0.127839E-02
     0.375     0.000     0.875   0.137305E-02   0.120566       0.125575E-02
     0.438     0.000     0.875   0.173421E-02   0.141678       0.122876E-02
     0.500     0.000     0.875   0.178189E-02   0.162448       0.117134E-02
     0.563     0.000     0.875   0.210333E-02   0.185852       0.108597E-02
     0.625     0.000     0.875   0.199810E-02   0.210825       0.932626E-03
     0.688     0.000     0.875   0.219596E-02   0.244190       0.688952E-03
     0.750     0.000     0.875   0.184211E-02   0.288619       0.150970E-03
     0.813     0.000     0.875   0.176869E-02   0.364822      -0.687751E-03
     0.875     0.000     0.875   0.260670E-04   0.488421      -0.180859E-02
     0.938     0.000     0.875   0.544177E-03   0.707031      -0.222270E-02
     1.000     0.000     0.875    0.00000        1.00000        0.00000    
     0.000     0.000     0.938    0.00000        0.00000       0.485502E-03
     0.063     0.000     0.938   0.584766E-03   0.371527E-01   0.544368E-03
     0.125     0.000     0.938   0.102478E-02   0.752070E-01   0.605682E-03
     0.188     0.000     0.938   0.150265E-02   0.112860       0.612572E-03
     0.250     0.000     0.938   0.197822E-02   0.150753       0.611943E-03
     0.313     0.000     0.938   0.243960E-02   0.188470       0.609826E-03
     0.375     0.000     0.938   0.290135E-02   0.226399       0.605323E-03
     0.438     0.000     0.938   0.334959E-02   0.264374       0.596877E-03
     0.500     0.000     0.938   0.376850E-02   0.302767       0.578874E-03
     0.563     0.000     0.938   0.417103E-02   0.341916       0.547527E-03
     0.625     0.000     0.938   0.449266E-02   0.382718       0.496803E-03
     0.688     0.000     0.938   0.472384E-02   0.427320       0.428618E-03
     0.750     0.000     0.938   0.459530E-02   0.479466       0.223000E-03
     0.813     0.000     0.938   0.430383E-02   0.548382      -0.260712E-03
     0.875     0.000     0.938   0.222425E-02   0.647668      -0.862637E-03
     0.938     0.000     0.938   0.152398E-02   0.799240      -0.139198E-02
     1.000     0.000     0.938    0.00000        1.00000        0.00000    
     0.000     0.000     1.000    0.00000        0.00000       0.105608E-03
     0.063     0.000     1.000    0.00000       0.625000E-01    0.00000    
     0.125     0.000     1.000    0.00000       0.125000        0.00000    
     0.188     0.000     1.000    0.00000       0.187500        0.00000    
     0.250     0.000     1.000    0.00000       0.250000        0.00000    
     0.313     0.000     1.000    0.00000       0.312500        0.00000    
     0.375     0.000     1.000    0.00000       0.375000        0.00000    
     0.438     0.000     1.000    0.00000       0.437500        0.00000    
     0.500     0.000     1.000    0.00000       0.500000        0.00000    
     0.563     0.000     1.000    0.00000       0.562500        0.00000    
     0.625     0.000     1.000    0.00000       0.625000        0.00000    
     0.688     0.000     1.000    0.00000       0.687500        0.00000    
     0.750     0.000     1.000    0.00000       0.750000        0.00000    
     0.813     0.000     1.000    0.00000       0.812500        0.00000    
     0.875     0.000     1.000    0.00000       0.875000        0.00000    
     0.938     0.000     1.000    0.00000       0.937500        0.00000    
     1.000     0.000     1.000    0.00000        1.00000        0.00000    
