 6.223171E+01  4.688797E+01  3.373449E+01 -2.864052E+00 -3.645250E+00  1.363037E+00  2.021313E+01 -2.417069E+01
 6.284697E+01  4.159389E+01  5.420502E+01 -5.461476E-01 -6.614116E-01 -9.438294E-01  2.025237E+01 -2.516155E+01
 8.258018E+01  6.790483E+01  3.141907E+01 -1.722130E-01 -1.875274E-01 -1.290066E+00  1.923804E+01 -2.399030E+01
 6.161646E+01  5.218204E+01  1.326396E+01 -5.181956E+00 -6.629087E+00  3.669904E+00  2.017390E+01 -2.317983E+01
 4.188325E+01  2.587110E+01  3.604990E+01 -5.555891E+00 -7.102972E+00  4.016140E+00  2.118823E+01 -2.435108E+01
 7.458695E+01  6.527629E+01  5.074689E+01 -6.744918E+00 -7.587497E+00  3.109282E+00 -4.877098E-01  2.593503E-01
 6.943401E+01  5.804904E+01  5.793251E+01 -6.551166E+00 -7.377461E+00  3.052875E+00 -5.620886E-01  7.640196E-01
 8.096274E+01  7.342067E+01  4.462029E+01 -7.015522E+00 -7.898489E+00  3.249192E+00  1.157810E-03  1.136389E-01
 7.973990E+01  7.250354E+01  4.356127E+01 -6.938671E+00 -7.797533E+00  3.165688E+00 -4.133310E-01 -2.453191E-01
 6.821117E+01  5.713191E+01  5.687350E+01 -6.474315E+00 -7.276505E+00  2.969371E+00 -9.765774E-01  4.050617E-01
 6.213612E+01  5.368517E+01  3.194599E+01 -3.100814E+00 -3.299455E+00  1.391776E+00 -2.108840E+01  2.321432E+01
 5.031950E+01  4.222413E+01  3.071420E+01 -5.762608E+00 -6.724823E+00  4.036880E+00 -2.122590E+01  2.378696E+01
 5.922888E+01  5.410331E+01  2.042653E+01 -5.451297E+00 -6.307824E+00  3.670764E+00 -2.054127E+01  2.299642E+01
 7.395275E+01  6.514622E+01  3.317777E+01 -4.390211E-01  1.259119E-01 -1.253328E+00 -2.095089E+01  2.264167E+01
 6.504336E+01  5.326704E+01  4.346544E+01 -7.503317E-01 -2.910870E-01 -8.872122E-01 -2.163552E+01  2.343222E+01
