TITLE = "FLOW5 data"
Variables = "X","Y","P","U","V"
Zone N = 441, E = 800, DATAPACKING = POINT, ZONETYPE = FETRIANGLE
   0.000000E+00   0.000000E+00   -48.7102       0.000000E+00   0.000000E+00
   0.000000E+00   0.500000E-01   -48.6598       0.272748E-22   0.132656E-22
   0.000000E+00   0.100000       -48.6093       0.456584E-23   0.189732E-22
   0.000000E+00   0.150000       -48.5281       0.131087E-22  -0.290080E-22
   0.000000E+00   0.200000       -48.4468       0.198564E-22   0.213704E-22
   0.000000E+00   0.250000       -48.4267      -0.496563E-23   0.297311E-22
   0.000000E+00   0.300000       -48.4067       0.109331E-35  -0.292011E-23
   0.000000E+00   0.350000       -48.4850      -0.845584E-23  -0.673605E-23
   0.000000E+00   0.400000       -48.5634      -0.137256E-22   0.186027E-22
   0.000000E+00   0.450000       -48.7723       0.481601E-22   0.154660E-23
   0.000000E+00   0.500000       -48.9812      -0.148501E-22   0.573101E-22
   0.000000E+00   0.550000       -49.4783       0.696762E-23   0.374208E-22
   0.000000E+00   0.600000       -49.9754      -0.376760E-22   0.823889E-24
   0.000000E+00   0.650000       -50.9381      -0.799580E-22   0.175840E-22
   0.000000E+00   0.700000       -51.9009      -0.179817E-23   0.169431E-23
   0.000000E+00   0.750000       -52.5500      -0.767366E-23  -0.314026E-22
   0.000000E+00   0.800000       -53.1991       0.274963E-22  -0.737993E-22
   0.000000E+00   0.850000       -64.1060       0.183711E-22   0.286631E-22
   0.000000E+00   0.900000       -75.0129      -0.128825E-22  -0.101370E-22
   0.000000E+00   0.950000       -87.6755       0.496308E-23   0.297785E-22
   0.000000E+00    1.00000       -100.338        1.00000       0.000000E+00
   0.500000E-01   0.000000E+00   -48.7597       0.509608E-23  -0.126128E-23
   0.500000E-01   0.500000E-01   -48.7104      -0.185731E-03   0.174988E-03
   0.500000E-01   0.100000       -48.6599      -0.121342E-02   0.204227E-02
   0.500000E-01   0.150000       -48.6293      -0.217502E-02   0.513097E-02
   0.500000E-01   0.200000       -48.5480      -0.302359E-02   0.101322E-01
   0.500000E-01   0.250000       -48.5798      -0.382865E-02   0.166495E-01
   0.500000E-01   0.300000       -48.5597      -0.461204E-02   0.246998E-01
   0.500000E-01   0.350000       -48.6871      -0.547378E-02   0.342269E-01
   0.500000E-01   0.400000       -48.7655      -0.636579E-02   0.454434E-01
   0.500000E-01   0.450000       -49.0444      -0.727666E-02   0.582166E-01
   0.500000E-01   0.500000       -49.2533      -0.832378E-02   0.732039E-01
   0.500000E-01   0.550000       -49.7761      -0.993141E-02   0.902063E-01
   0.500000E-01   0.600000       -50.2732      -0.117332E-01   0.108985    
   0.500000E-01   0.650000       -51.0988      -0.142248E-01   0.131101    
   0.500000E-01   0.700000       -52.0615      -0.147917E-01   0.157544    
   0.500000E-01   0.750000       -54.0050      -0.790571E-02   0.178835    
   0.500000E-01   0.800000       -54.6541      -0.819823E-02   0.210488    
   0.500000E-01   0.850000       -57.4982      -0.544123E-01   0.272221    
   0.500000E-01   0.900000       -68.4051      -0.494471E-01   0.227167    
   0.500000E-01   0.950000       -67.2433       0.153900       0.153900    
   0.500000E-01    1.00000       -79.9059        1.00000       0.000000E+00
   0.100000       0.000000E+00   -48.8092       0.000000E+00  -0.751666E-23
   0.100000       0.500000E-01   -48.7598      -0.203152E-02   0.115124E-02
   0.100000       0.100000       -48.7105      -0.502275E-02   0.489024E-02
   0.100000       0.150000       -48.6799      -0.825828E-02   0.111486E-01
   0.100000       0.200000       -48.6492      -0.111514E-01   0.199866E-01
   0.100000       0.250000       -48.6810      -0.140353E-01   0.314766E-01
   0.100000       0.300000       -48.7128      -0.167980E-01   0.452446E-01
   0.100000       0.350000       -48.8402      -0.197944E-01   0.616317E-01
   0.100000       0.400000       -48.9675      -0.228149E-01   0.804117E-01
   0.100000       0.450000       -49.2464      -0.262683E-01   0.102049    
   0.100000       0.500000       -49.5253      -0.296893E-01   0.126129    
   0.100000       0.550000       -50.0482      -0.339156E-01   0.153183    
   0.100000       0.600000       -50.5711      -0.376719E-01   0.181623    
   0.100000       0.650000       -51.3966      -0.418312E-01   0.213262    
   0.100000       0.700000       -52.2222      -0.450462E-01   0.247708    
   0.100000       0.750000       -54.1656      -0.489632E-01   0.282649    
   0.100000       0.800000       -56.1091      -0.435980E-01   0.304183    
   0.100000       0.850000       -58.9532      -0.313509E-01   0.306975    
   0.100000       0.900000       -61.7972       0.332821E-01   0.237848    
   0.100000       0.950000       -60.6355       0.344894       0.100913    
   0.100000        1.00000       -59.4738        1.00000       0.000000E+00
   0.150000       0.000000E+00   -48.8720       0.000000E+00   0.160740E-22
   0.150000       0.500000E-01   -48.7936      -0.499808E-02   0.200546E-02
   0.150000       0.100000       -48.7443      -0.110720E-01   0.759979E-02
   0.150000       0.150000       -48.7250      -0.170762E-01   0.161209E-01
   0.150000       0.200000       -48.6944      -0.228142E-01   0.278236E-01
   0.150000       0.250000       -48.7411      -0.283921E-01   0.424460E-01
   0.150000       0.300000       -48.7729      -0.339028E-01   0.599395E-01
   0.150000       0.350000       -48.9069      -0.395763E-01   0.803044E-01
   0.150000       0.400000       -49.0342      -0.453604E-01   0.103513    
   0.150000       0.450000       -49.2921      -0.514728E-01   0.129560    
   0.150000       0.500000       -49.5710      -0.575435E-01   0.158003    
   0.150000       0.550000       -49.9951      -0.638214E-01   0.188754    
   0.150000       0.600000       -50.5179      -0.690259E-01   0.220239    
   0.150000       0.650000       -51.1925      -0.726905E-01   0.251566    
   0.150000       0.700000       -52.0180      -0.732247E-01   0.279770    
   0.150000       0.750000       -52.8981      -0.715152E-01   0.302966    
   0.150000       0.800000       -54.8416      -0.529778E-01   0.298986    
   0.150000       0.850000       -55.1801      -0.216116E-02   0.270980    
   0.150000       0.900000       -58.0241       0.135950       0.187405    
   0.150000       0.950000       -56.7805       0.459609       0.677113E-01
   0.150000        1.00000       -55.6188        1.00000       0.000000E+00
   0.200000       0.000000E+00   -48.9348       0.000000E+00  -0.132515E-21
   0.200000       0.500000E-01   -48.8564      -0.930188E-02   0.246349E-02
   0.200000       0.100000       -48.7780      -0.188763E-01   0.909803E-02
   0.200000       0.150000       -48.7588      -0.281284E-01   0.191645E-01
   0.200000       0.200000       -48.7395      -0.368876E-01   0.323499E-01
   0.200000       0.250000       -48.7863      -0.454367E-01   0.486041E-01
   0.200000       0.300000       -48.8330      -0.538359E-01   0.676570E-01
   0.200000       0.350000       -48.9670      -0.623985E-01   0.896627E-01
   0.200000       0.400000       -49.1009      -0.708896E-01   0.114233    
   0.200000       0.450000       -49.3588      -0.794999E-01   0.141385    
   0.200000       0.500000       -49.6167      -0.874464E-01   0.170174    
   0.200000       0.550000       -50.0408      -0.945699E-01   0.200141    
   0.200000       0.600000       -50.4648      -0.992246E-01   0.229366    
   0.200000       0.650000       -51.1393      -0.100152       0.255762    
   0.200000       0.700000       -51.8138      -0.934192E-01   0.274606    
   0.200000       0.750000       -52.6939      -0.738725E-01   0.279974    
   0.200000       0.800000       -53.5741      -0.310206E-01   0.260639    
   0.200000       0.850000       -53.9126       0.671144E-01   0.210387    
   0.200000       0.900000       -54.2511       0.244399       0.131473    
   0.200000       0.950000       -53.0075       0.551931       0.417057E-01
   0.200000        1.00000       -51.7638        1.00000       0.000000E+00
   0.250000       0.000000E+00   -48.9114       0.142345E-22  -0.128787E-22
   0.250000       0.500000E-01   -48.8336      -0.143324E-01   0.266978E-02
   0.250000       0.100000       -48.7552      -0.276654E-01   0.963575E-02
   0.250000       0.150000       -48.7409      -0.400630E-01   0.200589E-01
   0.250000       0.200000       -48.7217      -0.517700E-01   0.334403E-01
   0.250000       0.250000       -48.7621      -0.631361E-01   0.496590E-01
   0.250000       0.300000       -48.8089      -0.742914E-01   0.684593E-01
   0.250000       0.350000       -48.9143      -0.854401E-01   0.898457E-01
   0.250000       0.400000       -49.0482      -0.962980E-01   0.113376    
   0.250000       0.450000       -49.2356      -0.106719       0.138856    
   0.250000       0.500000       -49.4935      -0.115673       0.165114    
   0.250000       0.550000       -49.7793      -0.122304       0.191365    
   0.250000       0.600000       -50.2033      -0.124324       0.214970    
   0.250000       0.650000       -50.5690      -0.119524       0.234140    
   0.250000       0.700000       -51.2435      -0.102255       0.242652    
   0.250000       0.750000       -51.5576      -0.656009E-01   0.237737    
   0.250000       0.800000       -52.4378       0.412457E-02   0.210233    
   0.250000       0.850000       -52.4006       0.128438       0.160634    
   0.250000       0.900000       -52.7391       0.326062       0.963241E-01
   0.250000       0.950000       -52.2424       0.620212       0.291120E-01
   0.250000        1.00000       -50.9988        1.00000       0.000000E+00
   0.300000       0.000000E+00   -48.8880       0.000000E+00   0.215247E-22
   0.300000       0.500000E-01   -48.8102      -0.192055E-01   0.248442E-02
   0.300000       0.100000       -48.7324      -0.362447E-01   0.903741E-02
   0.300000       0.150000       -48.7181      -0.516609E-01   0.188466E-01
   0.300000       0.200000       -48.7038      -0.660831E-01   0.311897E-01
   0.300000       0.250000       -48.7443      -0.799714E-01   0.460014E-01
   0.300000       0.300000       -48.7848      -0.935121E-01   0.629510E-01
   0.300000       0.350000       -48.8901      -0.106807       0.820213E-01
   0.300000       0.400000       -48.9955      -0.119455       0.102706    
   0.300000       0.450000       -49.1829      -0.130934       0.124645    
   0.300000       0.500000       -49.3702      -0.139985       0.146763    
   0.300000       0.550000       -49.6560      -0.144912       0.167823    
   0.300000       0.600000       -49.9419      -0.143055       0.185655    
   0.300000       0.650000       -50.3075      -0.130331       0.197495    
   0.300000       0.700000       -50.6732      -0.101697       0.199650    
   0.300000       0.750000       -50.9873      -0.471071E-01   0.188206    
   0.300000       0.800000       -51.3014       0.424206E-01   0.160387    
   0.300000       0.850000       -51.2642       0.184262       0.117355    
   0.300000       0.900000       -51.2271       0.389181       0.671276E-01
   0.300000       0.950000       -50.7304       0.662099       0.214876E-01
   0.300000        1.00000       -50.2337        1.00000       0.000000E+00
   0.350000       0.000000E+00   -48.7793       0.000000E+00  -0.174079E-22
   0.350000       0.500000E-01   -48.7331      -0.237304E-01   0.211956E-02
   0.350000       0.100000       -48.6553      -0.439258E-01   0.758024E-02
   0.350000       0.150000       -48.6487      -0.619311E-01   0.158300E-01
   0.350000       0.200000       -48.6344      -0.785734E-01   0.260377E-01
   0.350000       0.250000       -48.6583      -0.945230E-01   0.382414E-01
   0.350000       0.300000       -48.6987      -0.109933       0.520329E-01
   0.350000       0.350000       -48.7582      -0.124864       0.674552E-01
   0.350000       0.400000       -48.8636      -0.138710       0.839007E-01
   0.350000       0.450000       -48.9647      -0.150719       0.101154    
   0.350000       0.500000       -49.1520      -0.159170       0.117979    
   0.350000       0.550000       -49.2925      -0.162000       0.133605    
   0.350000       0.600000       -49.5783      -0.155702       0.145675    
   0.350000       0.650000       -49.7336      -0.135913       0.152608    
   0.350000       0.700000       -50.0992      -0.964265E-01   0.151037    
   0.350000       0.750000       -50.2005      -0.289969E-01   0.139285    
   0.350000       0.800000       -50.5146       0.752071E-01   0.115920    
   0.350000       0.850000       -50.4553       0.227147       0.824914E-01
   0.350000       0.900000       -50.4181       0.432503       0.463233E-01
   0.350000       0.950000       -50.1467       0.692769       0.143136E-01
   0.350000        1.00000       -49.6500        1.00000       0.000000E+00
   0.400000       0.000000E+00   -48.6707       0.000000E+00  -0.536061E-24
   0.400000       0.500000E-01   -48.6245      -0.271459E-01   0.151430E-02
   0.400000       0.100000       -48.5783      -0.499351E-01   0.545147E-02
   0.400000       0.150000       -48.5716      -0.698875E-01   0.113991E-01
   0.400000       0.200000       -48.5649      -0.882613E-01   0.186894E-01
   0.400000       0.250000       -48.5888      -0.105698       0.273555E-01
   0.400000       0.300000       -48.6127      -0.122492       0.370948E-01
   0.400000       0.350000       -48.6722      -0.138506       0.479060E-01
   0.400000       0.400000       -48.7317      -0.153149       0.593495E-01
   0.400000       0.450000       -48.8328      -0.165230       0.711705E-01
   0.400000       0.500000       -48.9338      -0.172979       0.825553E-01
   0.400000       0.550000       -49.0743      -0.173536       0.926810E-01
   0.400000       0.600000       -49.2147      -0.163514       0.100210    
   0.400000       0.650000       -49.3700      -0.137487       0.103542    
   0.400000       0.700000       -49.5253      -0.900626E-01   0.101115    
   0.400000       0.750000       -49.6265      -0.130608E-01   0.915584E-01
   0.400000       0.800000       -49.7277       0.100434       0.747947E-01
   0.400000       0.850000       -49.6685       0.257633       0.522703E-01
   0.400000       0.900000       -49.6092       0.462710       0.285689E-01
   0.400000       0.950000       -49.3378       0.712471       0.837410E-02
   0.400000        1.00000       -49.0664        1.00000       0.000000E+00
   0.450000       0.000000E+00   -48.5128       0.000000E+00   0.639389E-23
   0.450000       0.500000E-01   -48.5142      -0.294415E-01   0.798019E-03
   0.450000       0.100000       -48.4679      -0.537458E-01   0.278730E-02
   0.450000       0.150000       -48.4721      -0.749941E-01   0.597955E-02
   0.450000       0.200000       -48.4654      -0.943780E-01   0.972669E-02
   0.450000       0.250000       -48.4696      -0.112770       0.142794E-01
   0.450000       0.300000       -48.4935      -0.130341       0.192753E-01
   0.450000       0.350000       -48.5006      -0.147036       0.249269E-01
   0.450000       0.400000       -48.5601      -0.162027       0.307493E-01
   0.450000       0.450000       -48.5698      -0.174139       0.368850E-01
   0.450000       0.500000       -48.6708      -0.181189       0.425987E-01
   0.450000       0.550000       -48.6837      -0.180338       0.477570E-01
   0.450000       0.600000       -48.8241      -0.167609       0.513483E-01
   0.450000       0.650000       -48.8390      -0.137912       0.528242E-01
   0.450000       0.700000       -48.9943      -0.853475E-01   0.511936E-01
   0.450000       0.750000       -48.9910      -0.295687E-02   0.459486E-01
   0.450000       0.800000       -49.0923       0.115528       0.374507E-01
   0.450000       0.850000       -49.0657       0.275775       0.257705E-01
   0.450000       0.900000       -49.0065       0.479346       0.144464E-01
   0.450000       0.950000       -48.9928       0.723804       0.402277E-02
   0.450000        1.00000       -48.7213        1.00000       0.000000E+00
   0.500000       0.000000E+00   -48.3549       0.000000E+00   0.128047E-24
   0.500000       0.500000E-01   -48.3563      -0.301683E-01   0.126177E-04
   0.500000       0.100000       -48.3576      -0.550926E-01  -0.205173E-04
   0.500000       0.150000       -48.3618      -0.767144E-01   0.903939E-04
   0.500000       0.200000       -48.3659      -0.965012E-01   0.673099E-04
   0.500000       0.250000       -48.3701      -0.115182       0.140150E-03
   0.500000       0.300000       -48.3742      -0.133088       0.150759E-03
   0.500000       0.350000       -48.3814      -0.149976       0.294372E-03
   0.500000       0.400000       -48.3885      -0.165178       0.355132E-03
   0.500000       0.450000       -48.3981      -0.177208       0.572877E-03
   0.500000       0.500000       -48.4078      -0.184111       0.731096E-03
   0.500000       0.550000       -48.4207      -0.182614       0.991329E-03
   0.500000       0.600000       -48.4335      -0.169073       0.113864E-02
   0.500000       0.650000       -48.4484      -0.138046       0.131210E-02
   0.500000       0.700000       -48.4633      -0.837600E-01   0.128592E-02
   0.500000       0.750000       -48.4601       0.442248E-03   0.113782E-02
   0.500000       0.800000       -48.4568       0.120948       0.118773E-02
   0.500000       0.850000       -48.4303       0.281947       0.687856E-03
   0.500000       0.900000       -48.4037       0.485672       0.907125E-03
   0.500000       0.950000       -48.3900       0.727512       0.244444E-03
   0.500000        1.00000       -48.3763        1.00000       0.000000E+00
   0.550000       0.000000E+00   -48.1982       0.000000E+00  -0.238166E-22
   0.550000       0.500000E-01   -48.2468      -0.294534E-01  -0.794576E-03
   0.550000       0.100000       -48.2482      -0.537531E-01  -0.294557E-02
   0.550000       0.150000       -48.2621      -0.750177E-01  -0.584886E-02
   0.550000       0.200000       -48.2662      -0.944291E-01  -0.970440E-02
   0.550000       0.250000       -48.2495      -0.112865      -0.140596E-01
   0.550000       0.300000       -48.2537      -0.130499      -0.191072E-01
   0.550000       0.350000       -48.2072      -0.147264      -0.244205E-01
   0.550000       0.400000       -48.2143      -0.162341      -0.302107E-01
   0.550000       0.450000       -48.1341      -0.174513      -0.358319E-01
   0.550000       0.500000       -48.1438      -0.181602      -0.413188E-01
   0.550000       0.550000       -48.0352      -0.180726      -0.458707E-01
   0.550000       0.600000       -48.0481      -0.167910      -0.492999E-01
   0.550000       0.650000       -47.9084      -0.138178      -0.503871E-01
   0.550000       0.700000       -47.9233      -0.853794E-01  -0.486216E-01
   0.550000       0.750000       -47.8012      -0.270923E-02  -0.437094E-01
   0.550000       0.800000       -47.7979       0.116039      -0.346534E-01
   0.550000       0.850000       -47.8233       0.276465      -0.241264E-01
   0.550000       0.900000       -47.7967       0.480175      -0.118928E-01
   0.550000       0.950000       -48.0394       0.724325      -0.339617E-02
   0.550000        1.00000       -48.0257        1.00000       0.000000E+00
   0.600000       0.000000E+00   -48.0415       0.000000E+00   0.545989E-22
   0.600000       0.500000E-01   -48.0901      -0.272395E-01  -0.149374E-02
   0.600000       0.100000       -48.1387      -0.499784E-01  -0.549362E-02
   0.600000       0.150000       -48.1526      -0.699531E-01  -0.112663E-01
   0.600000       0.200000       -48.1666      -0.883579E-01  -0.186160E-01
   0.600000       0.250000       -48.1498      -0.105859      -0.271726E-01
   0.600000       0.300000       -48.1331      -0.122766      -0.369158E-01
   0.600000       0.350000       -48.0866      -0.138894      -0.474929E-01
   0.600000       0.400000       -48.0402      -0.153727      -0.588696E-01
   0.600000       0.450000       -47.9600      -0.165978      -0.702885E-01
   0.600000       0.500000       -47.8798      -0.173894      -0.814461E-01
   0.600000       0.550000       -47.7712      -0.174587      -0.910379E-01
   0.600000       0.600000       -47.6626      -0.164455      -0.984835E-01
   0.600000       0.650000       -47.5230      -0.138333      -0.101466    
   0.600000       0.700000       -47.3833      -0.900124E-01  -0.987850E-01
   0.600000       0.750000       -47.2612      -0.121848E-01  -0.895795E-01
   0.600000       0.800000       -47.1390       0.102106      -0.727486E-01
   0.600000       0.850000       -47.1644       0.258961      -0.509876E-01
   0.600000       0.900000       -47.1898       0.464195      -0.266985E-01
   0.600000       0.950000       -47.4325       0.713345      -0.778898E-02
   0.600000        1.00000       -47.6752        1.00000       0.000000E+00
   0.650000       0.000000E+00   -47.9363       0.000000E+00  -0.764738E-23
   0.650000       0.500000E-01   -48.0156      -0.237485E-01  -0.211539E-02
   0.650000       0.100000       -48.0642      -0.439185E-01  -0.769925E-02
   0.650000       0.150000       -48.0820      -0.619666E-01  -0.157809E-01
   0.650000       0.200000       -48.0959      -0.786869E-01  -0.261005E-01
   0.650000       0.250000       -48.0602      -0.947406E-01  -0.381818E-01
   0.650000       0.300000       -48.0435      -0.110307      -0.520635E-01
   0.650000       0.350000       -47.9496      -0.125415      -0.672596E-01
   0.650000       0.400000       -47.9031      -0.139512      -0.838203E-01
   0.650000       0.450000       -47.7318      -0.151778      -0.100677    
   0.650000       0.500000       -47.6516      -0.160464      -0.117496    
   0.650000       0.550000       -47.3952      -0.163370      -0.132497    
   0.650000       0.600000       -47.2867      -0.156938      -0.144706    
   0.650000       0.650000       -46.9394      -0.136659      -0.150880    
   0.650000       0.700000       -46.7997      -0.960669E-01  -0.148605    
   0.650000       0.750000       -46.5461      -0.271713E-01  -0.136999    
   0.650000       0.800000       -46.4240       0.782742E-01  -0.114383    
   0.650000       0.850000       -46.3502       0.229159      -0.820733E-01
   0.650000       0.900000       -46.3756       0.434162      -0.434251E-01
   0.650000       0.950000       -46.8353       0.694228      -0.133980E-01
   0.650000        1.00000       -47.0780        1.00000       0.000000E+00
   0.700000       0.000000E+00   -47.8311       0.000000E+00  -0.151006E-22
   0.700000       0.500000E-01   -47.9104      -0.193477E-01  -0.246580E-02
   0.700000       0.100000       -47.9897      -0.362651E-01  -0.905950E-02
   0.700000       0.150000       -48.0075      -0.516954E-01  -0.188320E-01
   0.700000       0.200000       -48.0253      -0.661728E-01  -0.312408E-01
   0.700000       0.250000       -47.9896      -0.801348E-01  -0.460126E-01
   0.700000       0.300000       -47.9539      -0.938673E-01  -0.630206E-01
   0.700000       0.350000       -47.8600      -0.107333      -0.819920E-01
   0.700000       0.400000       -47.7660      -0.120333      -0.102807    
   0.700000       0.450000       -47.5947      -0.132103      -0.124528    
   0.700000       0.500000       -47.4235      -0.141497      -0.146592    
   0.700000       0.550000       -47.1671      -0.146509      -0.167223    
   0.700000       0.600000       -46.9107      -0.144633      -0.185145    
   0.700000       0.650000       -46.5634      -0.131543      -0.196228    
   0.700000       0.700000       -46.2161      -0.101600      -0.197724    
   0.700000       0.750000       -45.9625      -0.468114E-01  -0.186098    
   0.700000       0.800000       -45.7090       0.439522E-01  -0.161135    
   0.700000       0.850000       -45.6352       0.182267      -0.118827    
   0.700000       0.900000       -45.5613       0.388457      -0.641543E-01
   0.700000       0.950000       -46.0211       0.663771      -0.201313E-01
   0.700000        1.00000       -46.4809        1.00000       0.000000E+00
   0.750000       0.000000E+00   -47.8147       0.000000E+00   0.110195E-22
   0.750000       0.500000E-01   -47.8929      -0.143116E-01  -0.265322E-02
   0.750000       0.100000       -47.9722      -0.275968E-01  -0.962753E-02
   0.750000       0.150000       -47.9879      -0.400394E-01  -0.201171E-01
   0.750000       0.200000       -48.0056      -0.518537E-01  -0.335671E-01
   0.750000       0.250000       -47.9614      -0.633205E-01  -0.497595E-01
   0.750000       0.300000       -47.9257      -0.746583E-01  -0.687005E-01
   0.750000       0.350000       -47.7995      -0.860190E-01  -0.900329E-01
   0.750000       0.400000       -47.7056      -0.972119E-01  -0.113897    
   0.750000       0.450000       -47.4556      -0.107978      -0.139197    
   0.750000       0.500000       -47.2843      -0.117346      -0.165619    
   0.750000       0.550000       -46.8959      -0.124180      -0.191443    
   0.750000       0.600000       -46.6395      -0.126294      -0.215681    
   0.750000       0.650000       -46.0363      -0.120966      -0.233457    
   0.750000       0.700000       -45.6891      -0.102380      -0.241967    
   0.750000       0.750000       -44.9682      -0.636137E-01  -0.235909    
   0.750000       0.800000       -44.7146       0.828747E-02  -0.213895    
   0.750000       0.850000       -43.7931       0.129940      -0.164908    
   0.750000       0.900000       -43.7193       0.327015      -0.874348E-01
   0.750000       0.950000       -44.8457       0.620476      -0.262399E-01
   0.750000        1.00000       -45.3055        1.00000       0.000000E+00
   0.800000       0.000000E+00   -47.7984       0.000000E+00  -0.334500E-22
   0.800000       0.500000E-01   -47.8765      -0.945683E-02  -0.245595E-02
   0.800000       0.100000       -47.9547      -0.189009E-01  -0.905001E-02
   0.800000       0.150000       -47.9703      -0.280942E-01  -0.192653E-01
   0.800000       0.200000       -47.9860      -0.369189E-01  -0.324636E-01
   0.800000       0.250000       -47.9418      -0.454671E-01  -0.487150E-01
   0.800000       0.300000       -47.8976      -0.540536E-01  -0.678640E-01
   0.800000       0.350000       -47.7713      -0.627027E-01  -0.899221E-01
   0.800000       0.400000       -47.6451      -0.715517E-01  -0.114783    
   0.800000       0.450000       -47.3951      -0.803269E-01  -0.141986    
   0.800000       0.500000       -47.1451      -0.888557E-01  -0.170963    
   0.800000       0.550000       -46.7567      -0.964176E-01  -0.200784    
   0.800000       0.600000       -46.3683      -0.101986      -0.230805    
   0.800000       0.650000       -45.7652      -0.103888      -0.255845    
   0.800000       0.700000       -45.1620      -0.973183E-01  -0.273847    
   0.800000       0.750000       -44.4411      -0.760878E-01  -0.277335    
   0.800000       0.800000       -43.7203      -0.283217E-01  -0.264569    
   0.800000       0.850000       -42.7988       0.713775E-01  -0.215517    
   0.800000       0.900000       -41.8773       0.259227      -0.121589    
   0.800000       0.950000       -43.0037       0.564602      -0.372794E-01
   0.800000        1.00000       -44.1301        1.00000       0.000000E+00
   0.850000       0.000000E+00   -47.8661       0.000000E+00  -0.100371E-22
   0.850000       0.500000E-01   -47.9071      -0.497244E-02  -0.202768E-02
   0.850000       0.100000       -47.9853      -0.110703E-01  -0.738292E-02
   0.850000       0.150000       -48.0093      -0.170622E-01  -0.162031E-01
   0.850000       0.200000       -48.0250      -0.228722E-01  -0.278959E-01
   0.850000       0.250000       -47.9964      -0.284697E-01  -0.425258E-01
   0.850000       0.300000       -47.9522      -0.340930E-01  -0.601549E-01
   0.850000       0.350000       -47.8262      -0.398901E-01  -0.806019E-01
   0.850000       0.400000       -47.7000      -0.459251E-01  -0.104143    
   0.850000       0.450000       -47.4254      -0.522228E-01  -0.130310    
   0.850000       0.500000       -47.1754      -0.587171E-01  -0.159283    
   0.850000       0.550000       -46.6834      -0.654132E-01  -0.190187    
   0.850000       0.600000       -46.2950      -0.715944E-01  -0.223925    
   0.850000       0.650000       -45.3093      -0.772352E-01  -0.254747    
   0.850000       0.700000       -44.7061      -0.788050E-01  -0.281562    
   0.850000       0.750000       -43.2715      -0.731266E-01  -0.298896    
   0.850000       0.800000       -42.5506      -0.500061E-01  -0.303671    
   0.850000       0.850000       -40.2639       0.111664E-01  -0.265849    
   0.850000       0.900000       -39.3424       0.161126      -0.167305    
   0.850000       0.950000       -40.9549       0.473160      -0.582515E-01
   0.850000        1.00000       -42.0813        1.00000       0.000000E+00
   0.900000       0.000000E+00   -47.9338       0.000000E+00   0.573635E-22
   0.900000       0.500000E-01   -47.9748      -0.182032E-02  -0.125242E-02
   0.900000       0.100000       -48.0159      -0.487769E-02  -0.480344E-02
   0.900000       0.150000       -48.0399      -0.795579E-02  -0.112557E-01
   0.900000       0.200000       -48.0639      -0.109940E-01  -0.200558E-01
   0.900000       0.250000       -48.0353      -0.137963E-01  -0.314971E-01
   0.900000       0.300000       -48.0067      -0.167029E-01  -0.453359E-01
   0.900000       0.350000       -47.8808      -0.195952E-01  -0.618252E-01
   0.900000       0.400000       -47.7549      -0.228037E-01  -0.807682E-01
   0.900000       0.450000       -47.4803      -0.260793E-01  -0.102587    
   0.900000       0.500000       -47.2056      -0.299255E-01  -0.126950    
   0.900000       0.550000       -46.7137      -0.338872E-01  -0.154518    
   0.900000       0.600000       -46.2217      -0.381318E-01  -0.185322    
   0.900000       0.650000       -45.2360      -0.414836E-01  -0.217636    
   0.900000       0.700000       -44.2503      -0.449163E-01  -0.247577    
   0.900000       0.750000       -42.8156      -0.471337E-01  -0.278892    
   0.900000       0.800000       -41.3809      -0.517164E-01  -0.310274    
   0.900000       0.850000       -39.0942      -0.465934E-01  -0.297630    
   0.900000       0.900000       -36.8075       0.256247E-01  -0.242350    
   0.900000       0.950000       -38.4200       0.276851      -0.976793E-01
   0.900000        1.00000       -40.0325        1.00000       0.000000E+00
   0.950000       0.000000E+00   -47.9755       0.000000E+00   0.000000E+00
   0.950000       0.500000E-01   -48.0192      -0.232221E-03  -0.232221E-03
   0.950000       0.100000       -48.0603      -0.126040E-02  -0.179578E-02
   0.950000       0.150000       -48.1397      -0.214921E-02  -0.515899E-02
   0.950000       0.200000       -48.1637      -0.298264E-02  -0.101695E-01
   0.950000       0.250000       -48.1864      -0.377405E-02  -0.166296E-01
   0.950000       0.300000       -48.1578      -0.458699E-02  -0.247026E-01
   0.950000       0.350000       -48.0834      -0.542394E-02  -0.342648E-01
   0.950000       0.400000       -47.9575      -0.635666E-02  -0.455160E-01
   0.950000       0.450000       -47.7435      -0.733209E-02  -0.585159E-01
   0.950000       0.500000       -47.4689      -0.854079E-02  -0.737253E-01
   0.950000       0.550000       -47.0022      -0.100678E-01  -0.908674E-01
   0.950000       0.600000       -46.5102      -0.116373E-01  -0.111219    
   0.950000       0.650000       -45.5927      -0.127763E-01  -0.133380    
   0.950000       0.700000       -44.6069      -0.141182E-01  -0.157001    
   0.950000       0.750000       -43.1838      -0.166158E-01  -0.186710    
   0.950000       0.800000       -41.7492      -0.233194E-01  -0.239254    
   0.950000       0.850000       -35.1151      -0.432214E-01  -0.258066    
   0.950000       0.900000       -32.8284      -0.126323E-01  -0.272404    
   0.950000       0.950000       -18.4038       0.167774      -0.172222    
   0.950000        1.00000       -20.0163        1.00000       0.000000E+00
    1.00000       0.000000E+00   -48.0172       0.000000E+00   0.000000E+00
    1.00000       0.500000E-01   -48.0609       0.000000E+00   0.000000E+00
    1.00000       0.100000       -48.1046       0.000000E+00   0.000000E+00
    1.00000       0.150000       -48.1840       0.000000E+00   0.000000E+00
    1.00000       0.200000       -48.2634       0.000000E+00   0.000000E+00
    1.00000       0.250000       -48.2861       0.000000E+00   0.000000E+00
    1.00000       0.300000       -48.3088       0.000000E+00   0.000000E+00
    1.00000       0.350000       -48.2345       0.000000E+00   0.000000E+00
    1.00000       0.400000       -48.1601       0.000000E+00   0.000000E+00
    1.00000       0.450000       -47.9461       0.000000E+00   0.000000E+00
    1.00000       0.500000       -47.7321       0.000000E+00   0.000000E+00
    1.00000       0.550000       -47.2654       0.000000E+00   0.000000E+00
    1.00000       0.600000       -46.7987       0.000000E+00   0.000000E+00
    1.00000       0.650000       -45.8812       0.000000E+00   0.000000E+00
    1.00000       0.700000       -44.9636       0.000000E+00   0.000000E+00
    1.00000       0.750000       -43.5405       0.000000E+00   0.000000E+00
    1.00000       0.800000       -42.1174       0.000000E+00   0.000000E+00
    1.00000       0.850000       -35.4833       0.000000E+00   0.000000E+00
    1.00000       0.900000       -28.8492       0.000000E+00   0.000000E+00
    1.00000       0.950000       -14.4246       0.000000E+00   0.000000E+00
    1.00000        1.00000       0.000000E+00    1.00000       0.000000E+00
    45    23    24
     1     2    23
     3    24     2
    23     2    24
     1    23    22
    45    44    23
    43    22    44
    23    44    22
    47    25    26
     3     4    25
     5    26     4
    25     4    26
     3    25    24
    47    46    25
    45    24    46
    25    46    24
    49    27    28
     5     6    27
     7    28     6
    27     6    28
     5    27    26
    49    48    27
    47    26    48
    27    48    26
    51    29    30
     7     8    29
     9    30     8
    29     8    30
     7    29    28
    51    50    29
    49    28    50
    29    50    28
    53    31    32
     9    10    31
    11    32    10
    31    10    32
     9    31    30
    53    52    31
    51    30    52
    31    52    30
    55    33    34
    11    12    33
    13    34    12
    33    12    34
    11    33    32
    55    54    33
    53    32    54
    33    54    32
    57    35    36
    13    14    35
    15    36    14
    35    14    36
    13    35    34
    57    56    35
    55    34    56
    35    56    34
    59    37    38
    15    16    37
    17    38    16
    37    16    38
    15    37    36
    59    58    37
    57    36    58
    37    58    36
    61    39    40
    17    18    39
    19    40    18
    39    18    40
    17    39    38
    61    60    39
    59    38    60
    39    60    38
    63    41    42
    19    20    41
    21    42    20
    41    20    42
    19    41    40
    63    62    41
    61    40    62
    41    62    40
    87    65    66
    43    44    65
    45    66    44
    65    44    66
    43    65    64
    87    86    65
    85    64    86
    65    86    64
    89    67    68
    45    46    67
    47    68    46
    67    46    68
    45    67    66
    89    88    67
    87    66    88
    67    88    66
    91    69    70
    47    48    69
    49    70    48
    69    48    70
    47    69    68
    91    90    69
    89    68    90
    69    90    68
    93    71    72
    49    50    71
    51    72    50
    71    50    72
    49    71    70
    93    92    71
    91    70    92
    71    92    70
    95    73    74
    51    52    73
    53    74    52
    73    52    74
    51    73    72
    95    94    73
    93    72    94
    73    94    72
    97    75    76
    53    54    75
    55    76    54
    75    54    76
    53    75    74
    97    96    75
    95    74    96
    75    96    74
    99    77    78
    55    56    77
    57    78    56
    77    56    78
    55    77    76
    99    98    77
    97    76    98
    77    98    76
   101    79    80
    57    58    79
    59    80    58
    79    58    80
    57    79    78
   101   100    79
    99    78   100
    79   100    78
   103    81    82
    59    60    81
    61    82    60
    81    60    82
    59    81    80
   103   102    81
   101    80   102
    81   102    80
   105    83    84
    61    62    83
    63    84    62
    83    62    84
    61    83    82
   105   104    83
   103    82   104
    83   104    82
   129   107   108
    85    86   107
    87   108    86
   107    86   108
    85   107   106
   129   128   107
   127   106   128
   107   128   106
   131   109   110
    87    88   109
    89   110    88
   109    88   110
    87   109   108
   131   130   109
   129   108   130
   109   130   108
   133   111   112
    89    90   111
    91   112    90
   111    90   112
    89   111   110
   133   132   111
   131   110   132
   111   132   110
   135   113   114
    91    92   113
    93   114    92
   113    92   114
    91   113   112
   135   134   113
   133   112   134
   113   134   112
   137   115   116
    93    94   115
    95   116    94
   115    94   116
    93   115   114
   137   136   115
   135   114   136
   115   136   114
   139   117   118
    95    96   117
    97   118    96
   117    96   118
    95   117   116
   139   138   117
   137   116   138
   117   138   116
   141   119   120
    97    98   119
    99   120    98
   119    98   120
    97   119   118
   141   140   119
   139   118   140
   119   140   118
   143   121   122
    99   100   121
   101   122   100
   121   100   122
    99   121   120
   143   142   121
   141   120   142
   121   142   120
   145   123   124
   101   102   123
   103   124   102
   123   102   124
   101   123   122
   145   144   123
   143   122   144
   123   144   122
   147   125   126
   103   104   125
   105   126   104
   125   104   126
   103   125   124
   147   146   125
   145   124   146
   125   146   124
   171   149   150
   127   128   149
   129   150   128
   149   128   150
   127   149   148
   171   170   149
   169   148   170
   149   170   148
   173   151   152
   129   130   151
   131   152   130
   151   130   152
   129   151   150
   173   172   151
   171   150   172
   151   172   150
   175   153   154
   131   132   153
   133   154   132
   153   132   154
   131   153   152
   175   174   153
   173   152   174
   153   174   152
   177   155   156
   133   134   155
   135   156   134
   155   134   156
   133   155   154
   177   176   155
   175   154   176
   155   176   154
   179   157   158
   135   136   157
   137   158   136
   157   136   158
   135   157   156
   179   178   157
   177   156   178
   157   178   156
   181   159   160
   137   138   159
   139   160   138
   159   138   160
   137   159   158
   181   180   159
   179   158   180
   159   180   158
   183   161   162
   139   140   161
   141   162   140
   161   140   162
   139   161   160
   183   182   161
   181   160   182
   161   182   160
   185   163   164
   141   142   163
   143   164   142
   163   142   164
   141   163   162
   185   184   163
   183   162   184
   163   184   162
   187   165   166
   143   144   165
   145   166   144
   165   144   166
   143   165   164
   187   186   165
   185   164   186
   165   186   164
   189   167   168
   145   146   167
   147   168   146
   167   146   168
   145   167   166
   189   188   167
   187   166   188
   167   188   166
   213   191   192
   169   170   191
   171   192   170
   191   170   192
   169   191   190
   213   212   191
   211   190   212
   191   212   190
   215   193   194
   171   172   193
   173   194   172
   193   172   194
   171   193   192
   215   214   193
   213   192   214
   193   214   192
   217   195   196
   173   174   195
   175   196   174
   195   174   196
   173   195   194
   217   216   195
   215   194   216
   195   216   194
   219   197   198
   175   176   197
   177   198   176
   197   176   198
   175   197   196
   219   218   197
   217   196   218
   197   218   196
   221   199   200
   177   178   199
   179   200   178
   199   178   200
   177   199   198
   221   220   199
   219   198   220
   199   220   198
   223   201   202
   179   180   201
   181   202   180
   201   180   202
   179   201   200
   223   222   201
   221   200   222
   201   222   200
   225   203   204
   181   182   203
   183   204   182
   203   182   204
   181   203   202
   225   224   203
   223   202   224
   203   224   202
   227   205   206
   183   184   205
   185   206   184
   205   184   206
   183   205   204
   227   226   205
   225   204   226
   205   226   204
   229   207   208
   185   186   207
   187   208   186
   207   186   208
   185   207   206
   229   228   207
   227   206   228
   207   228   206
   231   209   210
   187   188   209
   189   210   188
   209   188   210
   187   209   208
   231   230   209
   229   208   230
   209   230   208
   255   233   234
   211   212   233
   213   234   212
   233   212   234
   211   233   232
   255   254   233
   253   232   254
   233   254   232
   257   235   236
   213   214   235
   215   236   214
   235   214   236
   213   235   234
   257   256   235
   255   234   256
   235   256   234
   259   237   238
   215   216   237
   217   238   216
   237   216   238
   215   237   236
   259   258   237
   257   236   258
   237   258   236
   261   239   240
   217   218   239
   219   240   218
   239   218   240
   217   239   238
   261   260   239
   259   238   260
   239   260   238
   263   241   242
   219   220   241
   221   242   220
   241   220   242
   219   241   240
   263   262   241
   261   240   262
   241   262   240
   265   243   244
   221   222   243
   223   244   222
   243   222   244
   221   243   242
   265   264   243
   263   242   264
   243   264   242
   267   245   246
   223   224   245
   225   246   224
   245   224   246
   223   245   244
   267   266   245
   265   244   266
   245   266   244
   269   247   248
   225   226   247
   227   248   226
   247   226   248
   225   247   246
   269   268   247
   267   246   268
   247   268   246
   271   249   250
   227   228   249
   229   250   228
   249   228   250
   227   249   248
   271   270   249
   269   248   270
   249   270   248
   273   251   252
   229   230   251
   231   252   230
   251   230   252
   229   251   250
   273   272   251
   271   250   272
   251   272   250
   297   275   276
   253   254   275
   255   276   254
   275   254   276
   253   275   274
   297   296   275
   295   274   296
   275   296   274
   299   277   278
   255   256   277
   257   278   256
   277   256   278
   255   277   276
   299   298   277
   297   276   298
   277   298   276
   301   279   280
   257   258   279
   259   280   258
   279   258   280
   257   279   278
   301   300   279
   299   278   300
   279   300   278
   303   281   282
   259   260   281
   261   282   260
   281   260   282
   259   281   280
   303   302   281
   301   280   302
   281   302   280
   305   283   284
   261   262   283
   263   284   262
   283   262   284
   261   283   282
   305   304   283
   303   282   304
   283   304   282
   307   285   286
   263   264   285
   265   286   264
   285   264   286
   263   285   284
   307   306   285
   305   284   306
   285   306   284
   309   287   288
   265   266   287
   267   288   266
   287   266   288
   265   287   286
   309   308   287
   307   286   308
   287   308   286
   311   289   290
   267   268   289
   269   290   268
   289   268   290
   267   289   288
   311   310   289
   309   288   310
   289   310   288
   313   291   292
   269   270   291
   271   292   270
   291   270   292
   269   291   290
   313   312   291
   311   290   312
   291   312   290
   315   293   294
   271   272   293
   273   294   272
   293   272   294
   271   293   292
   315   314   293
   313   292   314
   293   314   292
   339   317   318
   295   296   317
   297   318   296
   317   296   318
   295   317   316
   339   338   317
   337   316   338
   317   338   316
   341   319   320
   297   298   319
   299   320   298
   319   298   320
   297   319   318
   341   340   319
   339   318   340
   319   340   318
   343   321   322
   299   300   321
   301   322   300
   321   300   322
   299   321   320
   343   342   321
   341   320   342
   321   342   320
   345   323   324
   301   302   323
   303   324   302
   323   302   324
   301   323   322
   345   344   323
   343   322   344
   323   344   322
   347   325   326
   303   304   325
   305   326   304
   325   304   326
   303   325   324
   347   346   325
   345   324   346
   325   346   324
   349   327   328
   305   306   327
   307   328   306
   327   306   328
   305   327   326
   349   348   327
   347   326   348
   327   348   326
   351   329   330
   307   308   329
   309   330   308
   329   308   330
   307   329   328
   351   350   329
   349   328   350
   329   350   328
   353   331   332
   309   310   331
   311   332   310
   331   310   332
   309   331   330
   353   352   331
   351   330   352
   331   352   330
   355   333   334
   311   312   333
   313   334   312
   333   312   334
   311   333   332
   355   354   333
   353   332   354
   333   354   332
   357   335   336
   313   314   335
   315   336   314
   335   314   336
   313   335   334
   357   356   335
   355   334   356
   335   356   334
   381   359   360
   337   338   359
   339   360   338
   359   338   360
   337   359   358
   381   380   359
   379   358   380
   359   380   358
   383   361   362
   339   340   361
   341   362   340
   361   340   362
   339   361   360
   383   382   361
   381   360   382
   361   382   360
   385   363   364
   341   342   363
   343   364   342
   363   342   364
   341   363   362
   385   384   363
   383   362   384
   363   384   362
   387   365   366
   343   344   365
   345   366   344
   365   344   366
   343   365   364
   387   386   365
   385   364   386
   365   386   364
   389   367   368
   345   346   367
   347   368   346
   367   346   368
   345   367   366
   389   388   367
   387   366   388
   367   388   366
   391   369   370
   347   348   369
   349   370   348
   369   348   370
   347   369   368
   391   390   369
   389   368   390
   369   390   368
   393   371   372
   349   350   371
   351   372   350
   371   350   372
   349   371   370
   393   392   371
   391   370   392
   371   392   370
   395   373   374
   351   352   373
   353   374   352
   373   352   374
   351   373   372
   395   394   373
   393   372   394
   373   394   372
   397   375   376
   353   354   375
   355   376   354
   375   354   376
   353   375   374
   397   396   375
   395   374   396
   375   396   374
   399   377   378
   355   356   377
   357   378   356
   377   356   378
   355   377   376
   399   398   377
   397   376   398
   377   398   376
   423   401   402
   379   380   401
   381   402   380
   401   380   402
   379   401   400
   423   422   401
   421   400   422
   401   422   400
   425   403   404
   381   382   403
   383   404   382
   403   382   404
   381   403   402
   425   424   403
   423   402   424
   403   424   402
   427   405   406
   383   384   405
   385   406   384
   405   384   406
   383   405   404
   427   426   405
   425   404   426
   405   426   404
   429   407   408
   385   386   407
   387   408   386
   407   386   408
   385   407   406
   429   428   407
   427   406   428
   407   428   406
   431   409   410
   387   388   409
   389   410   388
   409   388   410
   387   409   408
   431   430   409
   429   408   430
   409   430   408
   433   411   412
   389   390   411
   391   412   390
   411   390   412
   389   411   410
   433   432   411
   431   410   432
   411   432   410
   435   413   414
   391   392   413
   393   414   392
   413   392   414
   391   413   412
   435   434   413
   433   412   434
   413   434   412
   437   415   416
   393   394   415
   395   416   394
   415   394   416
   393   415   414
   437   436   415
   435   414   436
   415   436   414
   439   417   418
   395   396   417
   397   418   396
   417   396   418
   395   417   416
   439   438   417
   437   416   438
   417   438   416
   441   419   420
   397   398   419
   399   420   398
   419   398   420
   397   419   418
   441   440   419
   439   418   440
   419   440   418
